progeny	sire	dam	progeny_fam_ID	sire_fam_ID	dam_fam_ID
1	0	0	NA	NA	NA
2	0	0	NA	NA	NA
3	0	0	NA	NA	NA
4	0	0	NA	NA	NA
5	0	0	NA	NA	NA
6	0	0	NA	NA	NA
7	0	0	NA	NA	NA
8	0	0	NA	NA	NA
9	0	0	NA	NA	NA
10	0	0	NA	NA	NA
11	0	0	NA	NA	NA
12	0	0	NA	NA	NA
13	0	0	NA	NA	NA
14	0	0	NA	NA	NA
15	0	0	NA	NA	NA
16	0	0	NA	NA	NA
17	0	0	NA	NA	NA
18	0	0	NA	NA	NA
19	0	0	NA	NA	NA
20	0	0	NA	NA	NA
21	0	0	NA	NA	NA
22	0	0	NA	NA	NA
23	0	0	NA	NA	NA
24	0	0	NA	NA	NA
25	0	0	NA	NA	NA
26	0	0	NA	NA	NA
27	0	0	NA	NA	NA
28	0	0	NA	NA	NA
29	0	0	NA	NA	NA
30	0	0	NA	NA	NA
31	0	0	NA	NA	NA
32	0	0	NA	NA	NA
33	0	0	NA	NA	NA
34	0	0	NA	NA	NA
35	0	0	NA	NA	NA
36	0	0	NA	NA	NA
37	0	0	NA	NA	NA
38	0	0	NA	NA	NA
39	0	0	NA	NA	NA
40	0	0	NA	NA	NA
41	0	0	NA	NA	NA
42	0	0	NA	NA	NA
43	0	0	NA	NA	NA
44	0	0	NA	NA	NA
45	0	0	NA	NA	NA
46	0	0	NA	NA	NA
47	0	0	NA	NA	NA
48	0	0	NA	NA	NA
49	0	0	NA	NA	NA
50	0	0	NA	NA	NA
51	0	0	NA	NA	NA
52	0	0	NA	NA	NA
53	0	0	NA	NA	NA
54	0	0	NA	NA	NA
55	0	0	NA	NA	NA
56	0	0	NA	NA	NA
57	0	0	NA	NA	NA
58	0	0	NA	NA	NA
59	0	0	NA	NA	NA
60	0	0	NA	NA	NA
61	0	0	NA	NA	NA
62	0	0	NA	NA	NA
63	0	0	NA	NA	NA
64	0	0	NA	NA	NA
65	0	0	NA	NA	NA
66	0	0	NA	NA	NA
67	0	0	NA	NA	NA
68	0	0	NA	NA	NA
69	0	0	NA	NA	NA
70	0	0	NA	NA	NA
71	0	0	NA	NA	NA
72	0	0	NA	NA	NA
73	0	0	NA	NA	NA
74	0	0	NA	NA	NA
75	0	0	NA	NA	NA
76	0	0	NA	NA	NA
77	0	0	NA	NA	NA
78	0	0	NA	NA	NA
79	0	0	NA	NA	NA
80	0	0	NA	NA	NA
81	0	0	NA	NA	NA
82	0	0	NA	NA	NA
83	0	0	NA	NA	NA
84	0	0	NA	NA	NA
85	0	0	NA	NA	NA
86	0	0	NA	NA	NA
87	0	0	NA	NA	NA
88	0	0	NA	NA	NA
89	0	0	NA	NA	NA
90	0	0	NA	NA	NA
91	0	0	NA	NA	NA
92	0	0	NA	NA	NA
93	0	0	NA	NA	NA
94	0	0	NA	NA	NA
95	0	0	NA	NA	NA
96	0	0	NA	NA	NA
97	0	0	NA	NA	NA
98	0	0	NA	NA	NA
99	0	0	NA	NA	NA
100	0	0	NA	NA	NA
101	0	0	NA	NA	NA
102	0	0	NA	NA	NA
103	0	0	NA	NA	NA
104	0	0	NA	NA	NA
105	0	0	NA	NA	NA
106	0	0	NA	NA	NA
107	0	0	NA	NA	NA
108	0	0	NA	NA	NA
109	0	0	NA	NA	NA
110	0	0	NA	NA	NA
111	0	0	NA	NA	NA
112	0	0	NA	NA	NA
113	0	0	NA	NA	NA
114	0	0	NA	NA	NA
115	0	0	NA	NA	NA
116	0	0	NA	NA	NA
117	0	0	NA	NA	NA
118	0	0	NA	NA	NA
119	0	0	NA	NA	NA
120	0	0	NA	NA	NA
121	0	0	NA	NA	NA
122	0	0	NA	NA	NA
123	0	0	NA	NA	NA
124	0	0	NA	NA	NA
125	0	0	NA	NA	NA
126	0	0	NA	NA	NA
127	0	0	NA	NA	NA
128	0	0	NA	NA	NA
129	0	0	NA	NA	NA
130	0	0	NA	NA	NA
131	0	0	NA	NA	NA
132	0	0	NA	NA	NA
133	0	0	NA	NA	NA
134	0	0	NA	NA	NA
135	0	0	NA	NA	NA
136	0	0	NA	NA	NA
137	0	0	NA	NA	NA
138	0	0	NA	NA	NA
139	0	0	NA	NA	NA
140	0	0	NA	NA	NA
141	0	0	NA	NA	NA
142	0	0	NA	NA	NA
143	0	0	NA	NA	NA
144	0	0	NA	NA	NA
145	0	0	NA	NA	NA
146	0	0	NA	NA	NA
147	0	0	NA	NA	NA
148	0	0	NA	NA	NA
149	0	0	NA	NA	NA
150	0	0	NA	NA	NA
151	0	0	NA	NA	NA
152	0	0	NA	NA	NA
153	0	0	NA	NA	NA
154	0	0	NA	NA	NA
155	0	0	NA	NA	NA
156	0	0	NA	NA	NA
157	0	0	NA	NA	NA
158	0	0	NA	NA	NA
159	0	0	NA	NA	NA
160	0	0	NA	NA	NA
161	0	0	NA	NA	NA
162	0	0	NA	NA	NA
163	0	0	NA	NA	NA
164	0	0	NA	NA	NA
165	0	0	NA	NA	NA
166	0	0	NA	NA	NA
167	0	0	NA	NA	NA
168	0	0	NA	NA	NA
169	0	0	NA	NA	NA
170	0	0	NA	NA	NA
171	0	0	NA	NA	NA
172	0	0	NA	NA	NA
173	0	0	NA	NA	NA
174	0	0	NA	NA	NA
175	0	0	NA	NA	NA
176	0	0	NA	NA	NA
177	0	0	NA	NA	NA
178	0	0	NA	NA	NA
179	0	0	NA	NA	NA
180	0	0	NA	NA	NA
181	0	0	NA	NA	NA
182	0	0	NA	NA	NA
183	0	0	NA	NA	NA
184	0	0	NA	NA	NA
185	0	0	NA	NA	NA
186	0	0	NA	NA	NA
187	0	0	NA	NA	NA
188	0	0	NA	NA	NA
189	0	0	NA	NA	NA
190	0	0	NA	NA	NA
191	0	0	NA	NA	NA
192	0	0	NA	NA	NA
193	0	0	NA	NA	NA
194	0	0	NA	NA	NA
195	0	0	NA	NA	NA
196	0	0	NA	NA	NA
197	0	0	NA	NA	NA
198	0	0	NA	NA	NA
199	0	0	NA	NA	NA
200	0	0	NA	NA	NA
201	0	0	NA	NA	NA
202	0	0	NA	NA	NA
203	0	0	NA	NA	NA
204	0	0	NA	NA	NA
205	0	0	NA	NA	NA
206	0	0	NA	NA	NA
207	0	0	NA	NA	NA
208	0	0	NA	NA	NA
209	0	0	NA	NA	NA
210	0	0	NA	NA	NA
211	0	0	NA	NA	NA
212	0	0	NA	NA	NA
213	0	0	NA	NA	NA
214	0	0	NA	NA	NA
215	0	0	NA	NA	NA
216	0	0	NA	NA	NA
217	0	0	NA	NA	NA
218	0	0	NA	NA	NA
219	0	0	NA	NA	NA
220	0	0	NA	NA	NA
221	0	0	NA	NA	NA
222	0	0	NA	NA	NA
223	0	0	NA	NA	NA
224	0	0	NA	NA	NA
225	0	0	NA	NA	NA
226	0	0	NA	NA	NA
227	0	0	NA	NA	NA
228	0	0	NA	NA	NA
229	0	0	NA	NA	NA
230	0	0	NA	NA	NA
231	0	0	NA	NA	NA
232	0	0	NA	NA	NA
233	0	0	NA	NA	NA
234	0	0	NA	NA	NA
235	0	0	NA	NA	NA
236	0	0	NA	NA	NA
237	0	0	NA	NA	NA
238	0	0	NA	NA	NA
239	0	0	NA	NA	NA
240	0	0	NA	NA	NA
241	0	0	NA	NA	NA
242	0	0	NA	NA	NA
243	0	0	NA	NA	NA
244	0	0	NA	NA	NA
245	0	0	NA	NA	NA
246	0	0	NA	NA	NA
247	0	0	NA	NA	NA
248	0	0	NA	NA	NA
249	0	0	NA	NA	NA
250	0	0	NA	NA	NA
251	0	0	NA	NA	NA
252	0	0	NA	NA	NA
253	0	0	NA	NA	NA
254	0	0	NA	NA	NA
255	0	0	NA	NA	NA
256	0	0	NA	NA	NA
257	0	0	NA	NA	NA
258	0	0	NA	NA	NA
259	0	0	NA	NA	NA
260	0	0	NA	NA	NA
261	0	0	NA	NA	NA
262	0	0	NA	NA	NA
263	0	0	NA	NA	NA
264	0	0	NA	NA	NA
265	0	0	NA	NA	NA
266	0	0	NA	NA	NA
267	0	0	NA	NA	NA
268	0	0	NA	NA	NA
269	0	0	NA	NA	NA
270	0	0	NA	NA	NA
271	0	0	NA	NA	NA
272	0	0	NA	NA	NA
273	0	0	NA	NA	NA
274	0	0	NA	NA	NA
275	0	0	NA	NA	NA
276	0	0	NA	NA	NA
277	0	0	NA	NA	NA
278	0	0	NA	NA	NA
279	0	0	NA	NA	NA
280	0	0	NA	NA	NA
281	0	0	NA	NA	NA
282	0	0	NA	NA	NA
283	0	0	NA	NA	NA
284	0	0	NA	NA	NA
285	0	0	NA	NA	NA
286	0	0	NA	NA	NA
287	0	0	NA	NA	NA
288	0	0	NA	NA	NA
289	0	0	NA	NA	NA
290	0	0	NA	NA	NA
291	0	0	NA	NA	NA
292	0	0	NA	NA	NA
293	0	0	NA	NA	NA
294	0	0	NA	NA	NA
295	0	0	NA	NA	NA
296	0	0	NA	NA	NA
297	0	0	NA	NA	NA
298	0	0	NA	NA	NA
299	0	0	NA	NA	NA
300	0	0	NA	NA	NA
301	0	0	NA	NA	NA
302	0	0	NA	NA	NA
303	0	0	NA	NA	NA
304	0	0	NA	NA	NA
305	0	0	NA	NA	NA
306	0	0	NA	NA	NA
307	0	0	NA	NA	NA
308	0	0	NA	NA	NA
309	0	0	NA	NA	NA
310	0	0	NA	NA	NA
311	0	0	NA	NA	NA
312	0	0	NA	NA	NA
313	0	0	NA	NA	NA
314	0	0	NA	NA	NA
315	0	0	NA	NA	NA
316	0	0	NA	NA	NA
317	0	0	NA	NA	NA
318	0	0	NA	NA	NA
319	0	0	NA	NA	NA
320	0	0	NA	NA	NA
321	0	0	NA	NA	NA
322	0	0	NA	NA	NA
323	0	0	NA	NA	NA
324	0	0	NA	NA	NA
325	0	0	NA	NA	NA
326	0	0	NA	NA	NA
327	0	0	NA	NA	NA
328	0	0	NA	NA	NA
329	0	0	NA	NA	NA
330	0	0	NA	NA	NA
331	0	0	NA	NA	NA
332	0	0	NA	NA	NA
333	0	0	NA	NA	NA
334	0	0	NA	NA	NA
335	0	0	NA	NA	NA
336	0	0	NA	NA	NA
337	0	0	NA	NA	NA
338	0	0	NA	NA	NA
339	0	0	NA	NA	NA
340	0	0	NA	NA	NA
341	0	0	NA	NA	NA
342	0	0	NA	NA	NA
343	0	0	NA	NA	NA
344	0	0	NA	NA	NA
345	0	0	NA	NA	NA
346	0	0	NA	NA	NA
347	0	0	NA	NA	NA
348	0	0	NA	NA	NA
349	0	0	NA	NA	NA
350	0	0	NA	NA	NA
351	0	0	NA	NA	NA
352	0	0	NA	NA	NA
353	0	0	NA	NA	NA
354	0	0	NA	NA	NA
355	0	0	NA	NA	NA
356	0	0	NA	NA	NA
357	0	0	NA	NA	NA
358	0	0	NA	NA	NA
359	0	0	NA	NA	NA
360	0	0	NA	NA	NA
361	0	0	NA	NA	NA
362	0	0	NA	NA	NA
363	0	0	NA	NA	NA
364	0	0	NA	NA	NA
365	0	0	NA	NA	NA
366	0	0	NA	NA	NA
367	0	0	NA	NA	NA
368	0	0	NA	NA	NA
369	0	0	NA	NA	NA
370	0	0	NA	NA	NA
371	0	0	NA	NA	NA
372	0	0	NA	NA	NA
373	0	0	NA	NA	NA
374	0	0	NA	NA	NA
375	0	0	NA	NA	NA
376	0	0	NA	NA	NA
377	0	0	NA	NA	NA
378	0	0	NA	NA	NA
379	0	0	NA	NA	NA
380	0	0	NA	NA	NA
381	0	0	NA	NA	NA
382	0	0	NA	NA	NA
383	0	0	NA	NA	NA
384	0	0	NA	NA	NA
385	0	0	NA	NA	NA
386	0	0	NA	NA	NA
387	0	0	NA	NA	NA
388	0	0	NA	NA	NA
389	0	0	NA	NA	NA
390	0	0	NA	NA	NA
391	0	0	NA	NA	NA
392	0	0	NA	NA	NA
393	0	0	NA	NA	NA
394	0	0	NA	NA	NA
395	0	0	NA	NA	NA
396	0	0	NA	NA	NA
397	0	0	NA	NA	NA
398	0	0	NA	NA	NA
399	0	0	NA	NA	NA
400	0	0	NA	NA	NA
401	0	0	NA	NA	NA
402	0	0	NA	NA	NA
403	0	0	NA	NA	NA
404	0	0	NA	NA	NA
405	0	0	NA	NA	NA
406	0	0	NA	NA	NA
407	0	0	NA	NA	NA
408	0	0	NA	NA	NA
409	0	0	NA	NA	NA
410	0	0	NA	NA	NA
411	0	0	NA	NA	NA
412	0	0	NA	NA	NA
413	0	0	NA	NA	NA
414	0	0	NA	NA	NA
415	0	0	NA	NA	NA
416	0	0	NA	NA	NA
417	0	0	NA	NA	NA
418	0	0	NA	NA	NA
419	0	0	NA	NA	NA
420	0	0	NA	NA	NA
421	0	0	NA	NA	NA
422	0	0	NA	NA	NA
423	0	0	NA	NA	NA
424	0	0	NA	NA	NA
425	0	0	NA	NA	NA
426	0	0	NA	NA	NA
427	0	0	NA	NA	NA
428	0	0	NA	NA	NA
429	0	0	NA	NA	NA
430	0	0	NA	NA	NA
431	0	0	NA	NA	NA
432	0	0	NA	NA	NA
433	0	0	NA	NA	NA
434	0	0	NA	NA	NA
435	0	0	NA	NA	NA
436	0	0	NA	NA	NA
437	0	0	NA	NA	NA
438	0	0	NA	NA	NA
439	0	0	NA	NA	NA
440	0	0	NA	NA	NA
441	0	0	NA	NA	NA
442	0	0	NA	NA	NA
443	0	0	NA	NA	NA
444	0	0	NA	NA	NA
445	0	0	NA	NA	NA
446	0	0	NA	NA	NA
447	0	0	NA	NA	NA
448	0	0	NA	NA	NA
449	0	0	NA	NA	NA
450	0	0	NA	NA	NA
451	0	0	NA	NA	NA
452	0	0	NA	NA	NA
453	0	0	NA	NA	NA
454	0	0	NA	NA	NA
455	0	0	NA	NA	NA
456	0	0	NA	NA	NA
457	0	0	NA	NA	NA
458	0	0	NA	NA	NA
459	0	0	NA	NA	NA
460	0	0	NA	NA	NA
461	0	0	NA	NA	NA
462	0	0	NA	NA	NA
463	0	0	NA	NA	NA
464	0	0	NA	NA	NA
465	0	0	NA	NA	NA
466	0	0	NA	NA	NA
467	0	0	NA	NA	NA
468	0	0	NA	NA	NA
469	0	0	NA	NA	NA
470	0	0	NA	NA	NA
471	0	0	NA	NA	NA
472	0	0	NA	NA	NA
473	0	0	NA	NA	NA
474	0	0	NA	NA	NA
475	0	0	NA	NA	NA
476	0	0	NA	NA	NA
477	0	0	NA	NA	NA
478	0	0	NA	NA	NA
479	0	0	NA	NA	NA
480	0	0	NA	NA	NA
481	0	0	NA	NA	NA
482	0	0	NA	NA	NA
483	0	0	NA	NA	NA
484	0	0	NA	NA	NA
485	0	0	NA	NA	NA
486	0	0	998	NA	NA
487	0	0	2037	NA	NA
488	0	0	2155	NA	NA
489	0	0	1247	NA	NA
490	0	0	1276	NA	NA
491	0	0	1383	NA	NA
492	0	0	219	NA	NA
493	0	0	554	NA	NA
494	0	0	724	NA	NA
495	0	0	2464	NA	NA
496	0	0	1414	NA	NA
497	0	0	255	NA	NA
498	0	0	1516	NA	NA
499	0	0	662	NA	NA
500	0	0	715	NA	NA
501	0	0	1153	NA	NA
502	0	0	1649	NA	NA
503	0	0	1136	NA	NA
504	0	0	2132	NA	NA
505	0	0	1143	NA	NA
506	0	0	1466	NA	NA
507	0	0	1199	NA	NA
508	0	0	1205	NA	NA
509	0	0	2468	NA	NA
510	0	0	1928	NA	NA
511	0	0	1170	NA	NA
512	0	0	1149	NA	NA
513	0	0	1156	NA	NA
514	0	0	324	NA	NA
515	0	0	612	NA	NA
516	0	0	2068	NA	NA
517	0	0	24	NA	NA
518	0	0	1332	NA	NA
519	0	0	291	NA	NA
520	0	0	67	NA	NA
521	0	0	706	NA	NA
522	0	0	249	NA	NA
523	0	0	259	NA	NA
524	0	0	75	NA	NA
525	0	0	2092	NA	NA
526	0	0	2059	NA	NA
527	0	0	1252	NA	NA
528	0	0	529	NA	NA
529	0	0	47	NA	NA
530	0	0	71	NA	NA
531	0	0	173	NA	NA
532	0	0	1222	NA	NA
533	0	0	56	NA	NA
534	0	0	1919	NA	NA
535	0	0	1413	NA	NA
536	0	0	954	NA	NA
537	0	0	NA	NA	NA
538	0	0	1230	NA	NA
539	0	0	1223	NA	NA
540	0	0	582	NA	NA
541	0	0	737	NA	NA
542	0	0	1183	NA	NA
543	0	0	797	NA	NA
544	0	0	809	NA	NA
545	0	0	832	NA	NA
546	0	0	NA	NA	NA
547	0	0	2193	NA	NA
548	0	0	729	NA	NA
549	0	0	820	NA	NA
550	0	0	2225	NA	NA
551	0	0	2446	NA	NA
552	0	0	994	NA	NA
553	0	0	2247	NA	NA
554	0	0	1765	NA	NA
555	0	0	1980	NA	NA
556	0	0	953	NA	NA
557	0	0	1029	NA	NA
558	0	0	971	NA	NA
559	0	0	633	NA	NA
560	0	0	691	NA	NA
561	0	0	911	NA	NA
562	0	0	947	NA	NA
563	0	0	759	NA	NA
564	0	0	639	NA	NA
565	0	0	626	NA	NA
566	0	0	727	NA	NA
567	0	0	2201	NA	NA
568	0	0	1034	NA	NA
569	0	0	834	NA	NA
570	0	0	2213	NA	NA
571	0	0	2042	NA	NA
572	0	0	1344	NA	NA
573	0	0	1292	NA	NA
574	0	0	1407	NA	NA
575	0	0	2399	NA	NA
576	0	0	2479	NA	NA
577	0	0	2253	NA	NA
578	0	0	1977	NA	NA
579	0	0	1160	NA	NA
580	0	0	2260	NA	NA
581	0	0	11	NA	NA
582	0	0	2249	NA	NA
583	0	0	1374	NA	NA
584	0	0	2060	NA	NA
585	0	0	2104	NA	NA
586	0	0	2403	NA	NA
587	0	0	2410	NA	NA
588	0	0	327	NA	NA
589	0	0	821	NA	NA
590	0	0	608	NA	NA
591	0	0	967	NA	NA
592	0	0	2036	NA	NA
593	0	0	1176	NA	NA
594	0	0	2023	NA	NA
595	0	0	1	NA	NA
596	0	0	2407	NA	NA
597	0	0	232	NA	NA
598	0	0	2136	NA	NA
599	0	0	1147	NA	NA
600	0	0	165	NA	NA
601	0	0	1891	NA	NA
602	0	0	2190	NA	NA
603	0	0	1180	NA	NA
604	0	0	190	NA	NA
605	0	0	1527	NA	NA
606	0	0	1246	NA	NA
607	0	0	2455	NA	NA
608	0	0	1620	NA	NA
609	0	0	1261	NA	NA
610	0	0	833	NA	NA
611	0	0	1351	NA	NA
612	0	0	1981	NA	NA
613	0	0	2182	NA	NA
614	0	0	1567	NA	NA
615	0	0	1342	NA	NA
616	0	0	NA	NA	NA
617	0	0	1486	NA	NA
618	0	0	2349	NA	NA
619	0	0	866	NA	NA
620	0	0	1935	NA	NA
621	0	0	1586	NA	NA
622	0	0	2014	NA	NA
623	0	0	1317	NA	NA
624	0	0	1038	NA	NA
625	0	0	1238	NA	NA
626	0	0	NA	NA	NA
627	0	0	2469	NA	NA
628	0	0	180	NA	NA
629	0	0	2203	NA	NA
630	0	0	2463	NA	NA
631	0	0	1255	NA	NA
632	0	0	1927	NA	NA
633	0	0	1272	NA	NA
634	0	0	18	NA	NA
635	0	0	223	NA	NA
636	0	0	278	NA	NA
637	0	0	2188	NA	NA
638	0	0	2252	NA	NA
639	0	0	29	NA	NA
640	0	0	1954	NA	NA
641	0	0	722	NA	NA
642	0	0	213	NA	NA
643	0	0	197	NA	NA
644	0	0	2262	NA	NA
645	0	0	1389	NA	NA
646	0	0	2487	NA	NA
647	0	0	570	NA	NA
648	0	0	784	NA	NA
649	0	0	1028	NA	NA
650	0	0	1224	NA	NA
651	0	0	1006	NA	NA
652	0	0	204	NA	NA
653	0	0	1670	NA	NA
654	0	0	807	NA	NA
655	0	0	2353	NA	NA
656	0	0	57	NA	NA
657	0	0	2144	NA	NA
658	0	0	2492	NA	NA
659	0	0	264	NA	NA
660	0	0	2141	NA	NA
661	0	0	607	NA	NA
662	0	0	2152	NA	NA
663	0	0	263	NA	NA
664	0	0	683	NA	NA
665	0	0	52	NA	NA
666	0	0	50	NA	NA
667	0	0	253	NA	NA
668	0	0	503	NA	NA
669	0	0	2137	NA	NA
670	0	0	1275	NA	NA
671	0	0	849	NA	NA
672	0	0	2016	NA	NA
673	0	0	1582	NA	NA
674	0	0	536	NA	NA
675	0	0	1191	NA	NA
676	0	0	1243	NA	NA
677	0	0	621	NA	NA
678	0	0	1916	NA	NA
679	0	0	1972	NA	NA
680	0	0	2082	NA	NA
681	0	0	1513	NA	NA
682	0	0	1623	NA	NA
683	0	0	2255	NA	NA
684	0	0	1669	NA	NA
685	0	0	1366	NA	NA
686	0	0	1294	NA	NA
687	0	0	2334	NA	NA
688	0	0	1434	NA	NA
689	0	0	54	NA	NA
690	0	0	60	NA	NA
691	0	0	2343	NA	NA
692	0	0	875	NA	NA
693	0	0	2007	NA	NA
694	0	0	853	NA	NA
695	0	0	1395	NA	NA
696	0	0	2127	NA	NA
697	0	0	1350	NA	NA
698	0	0	902	NA	NA
699	0	0	549	NA	NA
700	0	0	308	NA	NA
701	0	0	297	NA	NA
702	0	0	896	NA	NA
703	0	0	63	NA	NA
704	0	0	2184	NA	NA
705	0	0	2114	NA	NA
706	0	0	1955	NA	NA
707	0	0	693	NA	NA
708	0	0	1256	NA	NA
709	0	0	1237	NA	NA
710	0	0	886	NA	NA
711	0	0	1242	NA	NA
712	0	0	2448	NA	NA
713	0	0	777	NA	NA
714	0	0	1621	NA	NA
715	0	0	2471	NA	NA
716	0	0	1244	NA	NA
717	0	0	1426	NA	NA
718	0	0	2273	NA	NA
719	0	0	977	NA	NA
720	0	0	1469	NA	NA
721	0	0	141	NA	NA
722	0	0	854	NA	NA
723	0	0	2488	NA	NA
724	0	0	1693	NA	NA
725	0	0	644	NA	NA
726	0	0	346	NA	NA
727	0	0	352	NA	NA
728	0	0	1881	NA	NA
729	0	0	1538	NA	NA
730	0	0	599	NA	NA
731	0	0	815	NA	NA
732	0	0	305	NA	NA
733	0	0	931	NA	NA
734	0	0	1819	NA	NA
735	0	0	2150	NA	NA
736	0	0	1941	NA	NA
737	0	0	2420	NA	NA
738	0	0	656	NA	NA
739	0	0	332	NA	NA
740	0	0	721	NA	NA
741	0	0	1448	NA	NA
742	0	0	1905	NA	NA
743	0	0	587	NA	NA
744	0	0	746	NA	NA
745	0	0	1322	NA	NA
746	0	0	1305	NA	NA
747	0	0	1346	NA	NA
748	0	0	1958	NA	NA
749	0	0	2279	NA	NA
750	0	0	2275	NA	NA
751	0	0	74	NA	NA
752	0	0	2485	NA	NA
753	0	0	634	NA	NA
754	0	0	920	NA	NA
755	0	0	941	NA	NA
756	0	0	1501	NA	NA
757	0	0	734	NA	NA
758	0	0	317	NA	NA
759	0	0	2169	NA	NA
760	0	0	353	NA	NA
761	0	0	1410	NA	NA
762	0	0	1423	NA	NA
763	0	0	344	NA	NA
764	0	0	873	NA	NA
765	0	0	2153	NA	NA
766	0	0	453	NA	NA
767	0	0	906	NA	NA
768	0	0	898	NA	NA
769	0	0	877	NA	NA
770	0	0	78	NA	NA
771	0	0	867	NA	NA
772	0	0	2425	NA	NA
773	0	0	2110	NA	NA
774	0	0	938	NA	NA
775	0	0	1063	NA	NA
776	0	0	880	NA	NA
777	0	0	1625	NA	NA
778	0	0	551	NA	NA
779	0	0	13	NA	NA
780	0	0	2105	NA	NA
781	0	0	222	NA	NA
782	0	0	1139	NA	NA
783	0	0	770	NA	NA
784	0	0	970	NA	NA
785	0	0	2131	NA	NA
786	0	0	872	NA	NA
787	0	0	464	NA	NA
788	0	0	271	NA	NA
789	0	0	477	NA	NA
790	0	0	2288	NA	NA
791	0	0	2282	NA	NA
792	0	0	1365	NA	NA
793	0	0	2429	NA	NA
794	0	0	2280	NA	NA
795	0	0	1060	NA	NA
796	0	0	1530	NA	NA
797	0	0	339	NA	NA
798	0	0	1285	NA	NA
799	0	0	2496	NA	NA
800	0	0	617	NA	NA
801	0	0	1364	NA	NA
802	0	0	1924	NA	NA
803	0	0	1337	NA	NA
804	0	0	3	NA	NA
805	0	0	696	NA	NA
806	0	0	1884	NA	NA
807	0	0	541	NA	NA
808	0	0	272	NA	NA
809	0	0	10	NA	NA
810	0	0	1345	NA	NA
811	0	0	961	NA	NA
812	0	0	444	NA	NA
813	0	0	1898	NA	NA
814	0	0	1644	NA	NA
815	0	0	1651	NA	NA
816	0	0	1202	NA	NA
817	0	0	44	NA	NA
818	0	0	31	NA	NA
819	0	0	38	NA	NA
820	0	0	1564	NA	NA
821	0	0	1646	NA	NA
822	0	0	1894	NA	NA
823	0	0	2001	NA	NA
824	0	0	2012	NA	NA
825	0	0	1447	NA	NA
826	0	0	1663	NA	NA
827	0	0	1209	NA	NA
828	0	0	351	NA	NA
829	0	0	NA	NA	NA
830	0	0	1505	NA	NA
831	0	0	2467	NA	NA
832	0	0	1465	NA	NA
833	0	0	2412	NA	NA
834	0	0	195	NA	NA
835	0	0	878	NA	NA
836	0	0	NA	NA	NA
837	0	0	2239	NA	NA
838	0	0	2245	NA	NA
839	0	0	1336	NA	NA
840	0	0	819	NA	NA
841	0	0	285	NA	NA
842	0	0	1290	NA	NA
843	0	0	2080	NA	NA
844	0	0	1187	NA	NA
845	0	0	1372	NA	NA
846	0	0	1445	NA	NA
847	0	0	340	NA	NA
848	0	0	645	NA	NA
849	0	0	918	NA	NA
850	0	0	1481	NA	NA
851	0	0	1541	NA	NA
852	0	0	1979	NA	NA
853	0	0	613	NA	NA
854	0	0	2116	NA	NA
855	0	0	2205	NA	NA
856	0	0	349	NA	NA
857	0	0	290	NA	NA
858	0	0	328	NA	NA
859	0	0	39	NA	NA
860	0	0	1676	NA	NA
861	0	0	1297	NA	NA
862	0	0	611	NA	NA
863	0	0	30	NA	NA
864	0	0	2065	NA	NA
865	0	0	620	NA	NA
866	0	0	897	NA	NA
867	0	0	1403	NA	NA
868	0	0	2066	NA	NA
869	0	0	51	NA	NA
870	0	0	2044	NA	NA
871	0	0	2270	NA	NA
872	0	0	1304	NA	NA
873	0	0	1380	NA	NA
874	0	0	1910	NA	NA
875	0	0	2039	NA	NA
876	0	0	2034	NA	NA
877	0	0	1264	NA	NA
878	0	0	2458	NA	NA
879	0	0	1281	NA	NA
880	0	0	1274	NA	NA
881	0	0	1490	NA	NA
882	0	0	NA	NA	NA
883	0	0	2459	NA	NA
884	0	0	1477	NA	NA
885	0	0	1282	NA	NA
886	0	0	468	NA	NA
887	0	0	1258	NA	NA
888	0	0	575	NA	NA
889	0	0	1251	NA	NA
890	0	0	1225	NA	NA
891	0	0	2095	NA	NA
892	0	0	785	NA	NA
893	0	0	1349	NA	NA
894	0	0	2285	NA	NA
895	0	0	2281	NA	NA
896	0	0	2147	NA	NA
897	0	0	NA	NA	NA
898	0	0	1312	NA	NA
899	0	0	1363	NA	NA
900	0	0	1570	NA	NA
901	0	0	1925	NA	NA
902	0	0	2466	NA	NA
903	0	0	1897	NA	NA
904	0	0	754	NA	NA
905	0	0	NA	NA	NA
906	0	0	2009	NA	NA
907	0	0	1652	NA	NA
908	0	0	2019	NA	NA
909	0	0	NA	NA	NA
910	0	0	216	NA	NA
911	0	0	2011	NA	NA
912	0	0	1353	NA	NA
913	0	0	1011	NA	NA
914	0	0	752	NA	NA
915	0	0	675	NA	NA
916	0	0	725	NA	NA
917	0	0	1706	NA	NA
918	0	0	2416	NA	NA
919	0	0	1259	NA	NA
920	0	714	NA	NA	1621
921	0	611	NA	NA	1351
922	320	827	NA	NA	1209
923	0	0	NA	NA	NA
924	130	173	NA	NA	NA
925	0	0	NA	NA	NA
926	0	0	NA	NA	NA
927	0	0	NA	NA	NA
928	0	0	NA	NA	NA
929	272	0	NA	NA	NA
930	0	0	NA	NA	NA
931	0	0	NA	NA	NA
932	132	930	NA	NA	NA
933	0	0	NA	NA	NA
934	0	0	NA	NA	NA
935	927	220	NA	NA	NA
936	0	0	NA	NA	NA
937	923	929	NA	NA	NA
938	3	925	NA	NA	NA
939	0	0	NA	NA	NA
940	926	13	NA	NA	NA
941	928	174	NA	NA	NA
942	940	156	NA	NA	NA
943	931	933	NA	NA	NA
944	931	933	NA	NA	NA
945	0	0	NA	NA	NA
946	65	266	2352	NA	NA
947	449	171	2346	NA	NA
948	936	934	NA	NA	NA
949	0	0	NA	NA	NA
950	272	158	2338	NA	NA
951	0	0	NA	NA	NA
952	8	933	NA	NA	NA
953	942	49	NA	NA	NA
954	940	156	2336	NA	NA
955	943	944	2344	NA	NA
956	939	14	NA	NA	NA
957	170	938	2115	NA	NA
958	949	9	NA	NA	NA
959	948	954	2067	NA	2336
960	932	937	NA	NA	NA
961	956	953	2393	NA	NA
962	15	951	NA	NA	NA
963	271	575	2389	NA	2399
964	942	157	2081	NA	NA
965	932	937	2356	NA	NA
966	950	586	2049	2338	2403
967	177	941	2074	NA	NA
968	945	12	NA	NA	NA
969	942	157	2088	NA	NA
970	948	954	2058	NA	2336
971	924	587	2397	NA	2410
972	175	596	2398	NA	2407
973	956	953	2040	NA	NA
974	592	176	2120	2036	NA
975	970	965	2360	2058	2356
976	968	962	2374	NA	NA
977	780	172	2370	2105	NA
978	969	971	2363	2088	2397
979	950	586	2365	2338	2403
980	952	967	NA	NA	2074
981	957	947	2371	2115	2346
982	0	0	NA	NA	NA
983	968	962	2358	NA	NA
984	935	960	2405	NA	NA
985	65	982	NA	NA	NA
986	0	0	NA	NA	NA
987	0	0	NA	NA	NA
988	0	0	NA	NA	NA
989	958	985	2368	NA	NA
990	0	0	NA	NA	NA
991	0	0	NA	NA	NA
992	32	0	NA	NA	NA
993	990	987	NA	NA	NA
994	0	0	NA	NA	NA
995	0	0	NA	NA	NA
996	995	0	NA	NA	NA
997	0	0	NA	NA	NA
998	0	0	NA	NA	NA
999	0	0	NA	NA	NA
1000	992	0	NA	NA	NA
1001	992	0	NA	NA	NA
1002	0	0	NA	NA	NA
1003	0	0	NA	NA	NA
1004	0	0	NA	NA	NA
1005	0	0	NA	NA	NA
1006	0	0	NA	NA	NA
1007	0	0	NA	NA	NA
1008	0	0	NA	NA	NA
1009	0	0	NA	NA	NA
1010	0	0	NA	NA	NA
1011	0	0	NA	NA	NA
1012	0	73	NA	NA	NA
1013	0	0	NA	NA	NA
1014	0	0	NA	NA	NA
1015	0	0	NA	NA	NA
1016	0	0	NA	NA	NA
1017	0	0	NA	NA	NA
1018	0	0	NA	NA	NA
1019	0	0	NA	NA	NA
1020	0	0	NA	NA	NA
1021	0	0	NA	NA	NA
1022	0	0	NA	NA	NA
1023	37	58	NA	NA	NA
1024	32	41	NA	NA	NA
1025	986	31	NA	NA	NA
1026	203	1000	NA	NA	NA
1027	189	1005	NA	NA	NA
1028	1004	1001	NA	NA	NA
1029	1013	1016	NA	NA	NA
1030	0	0	NA	NA	NA
1031	0	0	NA	NA	NA
1032	1021	1020	NA	NA	NA
1033	0	0	NA	NA	NA
1034	0	0	NA	NA	NA
1035	0	0	NA	NA	NA
1036	996	0	NA	NA	NA
1037	0	0	NA	NA	NA
1038	0	0	NA	NA	NA
1039	992	202	NA	NA	NA
1040	0	0	NA	NA	NA
1041	0	0	NA	NA	NA
1042	0	0	NA	NA	NA
1043	992	202	NA	NA	NA
1044	47	46	NA	NA	NA
1045	0	0	NA	NA	NA
1046	1028	73	543	NA	NA
1047	0	0	NA	NA	NA
1048	0	0	NA	NA	NA
1049	0	0	NA	NA	NA
1050	0	0	NA	NA	NA
1051	0	0	NA	NA	NA
1052	0	0	NA	NA	NA
1053	211	991	NA	NA	NA
1054	224	48	NA	NA	NA
1055	234	1033	NA	NA	NA
1056	0	0	NA	NA	NA
1057	0	0	NA	NA	NA
1058	0	0	NA	NA	NA
1059	221	59	NA	NA	NA
1060	47	0	NA	NA	NA
1061	0	0	NA	NA	NA
1062	1019	1026	NA	NA	NA
1063	0	0	NA	NA	NA
1064	1034	204	NA	NA	NA
1065	200	1037	NA	NA	NA
1066	183	1017	NA	NA	NA
1067	1044	104	NA	NA	NA
1068	0	0	NA	NA	NA
1069	0	0	NA	NA	NA
1070	0	0	NA	NA	NA
1071	205	1007	NA	NA	NA
1072	0	0	NA	NA	NA
1073	1047	1038	NA	NA	NA
1074	0	0	NA	NA	NA
1075	1044	104	2197	NA	NA
1076	0	0	NA	NA	NA
1077	0	0	NA	NA	NA
1078	237	238	NA	NA	NA
1079	0	0	NA	NA	NA
1080	188	1008	NA	NA	NA
1081	0	0	NA	NA	NA
1082	995	1018	NA	NA	NA
1083	0	1031	NA	NA	NA
1084	0	0	NA	NA	NA
1085	221	59	NA	NA	NA
1086	0	0	NA	NA	NA
1087	0	0	NA	NA	NA
1088	198	1068	NA	NA	NA
1089	232	1036	NA	NA	NA
1090	1074	1083	NA	NA	NA
1091	1084	1086	NA	NA	NA
1092	1041	1006	NA	NA	NA
1093	988	210	NA	NA	NA
1094	1011	1014	NA	NA	NA
1095	1042	0	NA	NA	NA
1096	986	1058	NA	NA	NA
1097	1032	0	NA	NA	NA
1098	1039	1022	NA	NA	NA
1099	222	1035	NA	NA	NA
1100	469	408	320	NA	NA
1101	998	1010	NA	NA	NA
1102	1009	1031	NA	NA	NA
1103	1081	1057	NA	NA	NA
1104	1048	1052	NA	NA	NA
1105	1087	233	NA	NA	NA
1106	217	1059	NA	NA	NA
1107	1002	186	NA	NA	NA
1108	230	0	NA	NA	NA
1109	1023	1024	1103	NA	NA
1110	0	0	NA	NA	NA
1111	1054	0	NA	NA	NA
1112	0	0	NA	NA	NA
1113	0	0	NA	NA	NA
1114	997	1003	NA	NA	NA
1115	1074	1083	NA	NA	NA
1116	1043	1066	220	NA	NA
1117	0	0	NA	NA	NA
1118	1073	78	334	NA	NA
1119	0	0	NA	NA	NA
1120	0	1037	NA	NA	NA
1121	0	1037	NA	NA	NA
1122	0	0	NA	NA	NA
1123	1039	1022	NA	NA	NA
1124	0	0	NA	NA	NA
1125	0	0	NA	NA	NA
1126	235	1060	NA	NA	NA
1127	997	0	NA	NA	NA
1128	1023	1024	NA	NA	NA
1129	996	218	NA	NA	NA
1130	1110	1097	NA	NA	NA
1131	999	1079	NA	NA	NA
1132	1030	1085	NA	NA	NA
1133	993	1026	NA	NA	NA
1134	994	193	NA	NA	NA
1135	1076	1072	NA	NA	NA
1136	1110	1097	NA	NA	NA
1137	0	0	NA	NA	NA
1138	0	0	NA	NA	NA
1139	0	1062	NA	NA	NA
1140	0	0	NA	NA	NA
1141	0	0	NA	NA	NA
1142	212	209	NA	NA	NA
1143	0	0	NA	NA	NA
1144	0	0	NA	NA	NA
1145	212	209	NA	NA	NA
1146	0	1112	NA	NA	NA
1147	230	228	NA	NA	NA
1148	1050	1056	NA	NA	NA
1149	0	0	NA	NA	NA
1150	0	0	NA	NA	NA
1151	1076	1072	NA	NA	NA
1152	1027	1099	380	NA	NA
1153	993	1026	342	NA	NA
1154	82	1096	248	NA	NA
1155	1126	77	680	NA	NA
1156	1134	1091	174	NA	NA
1157	1042	196	NA	NA	NA
1158	195	1119	NA	NA	NA
1159	1090	528	381	NA	529
1160	1118	1064	388	334	NA
1161	75	1026	207	NA	NA
1162	457	422	198	NA	NA
1163	68	1130	NA	NA	NA
1164	223	60	NA	NA	NA
1165	463	407	NA	NA	NA
1166	1108	1151	NA	NA	NA
1167	1125	240	NA	NA	NA
1168	1082	409	NA	NA	NA
1169	190	1124	NA	NA	NA
1170	1082	409	NA	NA	NA
1171	190	1124	NA	NA	NA
1172	1147	1114	202	NA	NA
1173	34	1095	NA	NA	NA
1174	0	0	NA	NA	NA
1175	1092	1065	NA	NA	NA
1176	45	42	NA	NA	NA
1177	0	0	NA	NA	NA
1178	1107	0	NA	NA	NA
1179	463	407	1059	NA	NA
1180	1133	399	411	NA	NA
1181	1090	528	244	NA	529
1182	0	0	NA	NA	NA
1183	243	1105	231	NA	NA
1184	1092	1065	369	NA	NA
1185	1147	1114	229	NA	NA
1186	458	1103	189	NA	NA
1187	1054	1106	356	NA	NA
1188	1145	1102	402	NA	NA
1189	1146	1112	NA	NA	NA
1190	206	1141	NA	NA	NA
1191	419	62	178	NA	NA
1192	1046	1012	NA	543	NA
1193	468	1088	1114	NA	NA
1194	420	423	203	NA	NA
1195	1090	528	254	NA	529
1196	1093	1089	215	NA	NA
1197	1080	412	NA	NA	NA
1198	76	1131	212	NA	NA
1199	141	1139	NA	NA	NA
1200	1090	528	390	NA	529
1201	1082	409	375	NA	NA
1202	68	1130	224	NA	NA
1203	1082	409	NA	NA	NA
1204	1069	216	NA	NA	NA
1205	1050	1056	NA	NA	NA
1206	75	1026	NA	NA	NA
1207	1098	1049	NA	NA	NA
1208	169	424	2192	NA	NA
1209	86	493	365	NA	554
1210	456	99	238	NA	NA
1211	1104	1025	405	NA	NA
1212	201	1143	NA	NA	NA
1213	198	1051	NA	NA	NA
1214	81	531	NA	NA	173
1215	1111	1045	NA	NA	NA
1216	1063	1077	NA	NA	NA
1217	997	0	NA	NA	NA
1218	214	215	NA	NA	NA
1219	1140	401	NA	NA	NA
1220	997	0	NA	NA	NA
1221	231	1015	NA	NA	NA
1222	1111	1045	NA	NA	NA
1223	182	207	NA	NA	NA
1224	1120	208	NA	NA	NA
1225	1144	1149	NA	NA	NA
1226	1061	187	NA	NA	NA
1227	420	423	NA	NA	NA
1228	1132	1121	NA	NA	NA
1229	1063	1077	NA	NA	NA
1230	213	1070	NA	NA	NA
1231	400	395	NA	NA	NA
1232	1145	1102	NA	NA	NA
1233	75	1026	NA	NA	NA
1234	0	0	NA	NA	NA
1235	588	0	NA	327	NA
1236	1109	0	NA	1103	NA
1237	0	1040	NA	NA	NA
1238	0	1040	NA	NA	NA
1239	44	43	NA	NA	NA
1240	400	395	NA	NA	NA
1241	0	0	NA	NA	NA
1242	994	193	NA	NA	NA
1243	0	0	NA	NA	NA
1244	1144	1149	NA	NA	NA
1245	0	421	NA	NA	NA
1246	0	1031	NA	NA	NA
1247	1080	412	NA	NA	NA
1248	1069	216	NA	NA	NA
1249	1050	1056	NA	NA	NA
1250	0	0	NA	NA	NA
1251	217	1083	NA	NA	NA
1252	0	0	NA	NA	NA
1253	0	0	NA	NA	NA
1254	34	1095	NA	NA	NA
1255	0	0	NA	NA	NA
1256	460	66	1042	NA	NA
1257	481	397	437	NA	NA
1258	690	279	304	60	NA
1259	180	1062	NA	NA	NA
1260	1156	1101	392	174	NA
1261	1223	401	225	NA	NA
1262	1148	421	535	NA	NA
1263	398	1152	235	NA	380
1264	178	399	311	NA	NA
1265	419	50	NA	NA	NA
1266	185	1179	NA	NA	1059
1267	10	1137	NA	NA	NA
1268	142	1149	NA	NA	NA
1269	1178	1207	NA	NA	NA
1270	1080	412	261	NA	NA
1271	1215	181	2219	NA	NA
1272	298	1232	NA	NA	NA
1273	1248	1250	NA	NA	NA
1274	87	85	NA	NA	NA
1275	1220	1177	NA	NA	NA
1276	143	1234	NA	NA	NA
1277	1029	167	NA	NA	NA
1278	11	1238	NA	NA	NA
1279	1251	146	NA	NA	NA
1280	1117	1115	NA	NA	NA
1281	142	1149	NA	NA	NA
1282	90	89	NA	NA	NA
1283	1223	401	NA	NA	NA
1284	1111	1040	NA	NA	NA
1285	1111	1040	NA	NA	NA
1286	1093	1089	NA	NA	NA
1287	1156	1101	368	174	NA
1288	1198	278	200	212	NA
1289	461	19	378	NA	NA
1290	1055	417	2232	NA	NA
1291	1136	402	193	NA	NA
1292	88	1163	423	NA	NA
1293	184	55	NA	NA	NA
1294	87	85	359	NA	NA
1295	1175	1252	NA	NA	NA
1296	460	66	183	NA	NA
1297	1247	1229	NA	NA	NA
1298	1241	1243	NA	NA	NA
1299	1067	226	NA	NA	NA
1300	496	191	NA	1414	NA
1301	1244	1235	NA	NA	NA
1302	0	1225	NA	NA	NA
1303	1118	1064	NA	334	NA
1304	0	0	NA	NA	NA
1305	1161	1233	NA	207	NA
1306	1113	197	NA	NA	NA
1307	88	1163	NA	NA	NA
1308	75	57	NA	NA	NA
1309	1244	1235	NA	NA	NA
1310	0	0	NA	NA	NA
1311	140	54	NA	NA	NA
1312	1118	1064	409	334	NA
1313	620	1078	1115	1935	NA
1314	459	1205	247	NA	NA
1315	1242	1245	NA	NA	NA
1316	0	590	NA	NA	608
1317	1032	1128	NA	NA	NA
1318	462	16	187	NA	NA
1319	0	0	NA	NA	NA
1320	81	0	NA	NA	NA
1321	1127	1138	NA	NA	NA
1322	1236	145	NA	NA	NA
1323	1236	145	NA	NA	NA
1324	0	0	NA	NA	NA
1325	1240	1246	NA	NA	NA
1326	0	594	NA	NA	2023
1327	1155	1227	588	680	NA
1328	0	0	NA	NA	NA
1329	1080	412	NA	NA	NA
1330	239	194	NA	NA	NA
1331	1306	687	NA	NA	2334
1332	147	128	NA	NA	NA
1333	74	274	984	NA	NA
1334	405	1311	597	NA	NA
1335	478	22	NA	NA	NA
1336	1285	1273	1930	NA	NA
1337	1204	1224	168	NA	NA
1338	478	22	284	NA	NA
1339	137	905	NA	NA	NA
1340	1275	1272	NA	NA	NA
1341	280	643	2385	NA	197
1342	1286	916	NA	NA	725
1343	1191	597	NA	178	232
1344	80	253	NA	NA	NA
1345	149	1101	NA	NA	NA
1346	1171	1135	123	NA	NA
1347	1325	1312	NA	NA	409
1348	1314	1277	NA	247	NA
1349	134	1303	NA	NA	NA
1350	160	40	NA	NA	NA
1351	280	643	NA	NA	197
1352	1306	687	NA	NA	2334
1353	818	1189	NA	31	NA
1354	52	129	NA	NA	NA
1355	144	35	NA	NA	NA
1356	1217	1174	NA	NA	NA
1357	818	1189	97	31	NA
1358	1315	1207	2392	NA	NA
1359	817	105	702	44	NA
1360	292	422	206	NA	NA
1361	1275	1272	NA	NA	NA
1362	100	1164	2395	NA	NA
1363	289	635	404	NA	223
1364	1206	254	279	NA	NA
1365	1305	1297	90	NA	NA
1366	1129	67	130	NA	NA
1367	292	422	432	NA	NA
1368	451	116	1070	NA	NA
1369	1198	278	912	212	NA
1370	90	89	935	NA	NA
1371	479	450	228	NA	NA
1372	1278	914	2439	NA	752
1373	1269	1267	196	NA	NA
1374	689	1094	303	54	NA
1375	87	85	943	NA	NA
1376	118	277	241	NA	NA
1377	1147	296	1995	NA	NA
1378	301	1279	2379	NA	NA
1379	1226	1274	144	NA	NA
1380	83	302	157	NA	NA
1381	1147	296	95	NA	NA
1382	1147	296	101	NA	NA
1383	403	1157	114	NA	NA
1384	485	1229	237	NA	NA
1385	1298	1203	2211	NA	NA
1386	81	299	495	NA	NA
1387	168	1103	1081	NA	NA
1388	1134	1187	454	NA	356
1389	484	1228	427	NA	NA
1390	1032	1128	147	NA	NA
1391	1318	1249	NA	187	NA
1392	80	253	2166	NA	NA
1393	1314	1277	2004	247	NA
1394	81	299	164	NA	NA
1395	629	1324	NA	2203	NA
1396	219	1121	NA	NA	NA
1397	51	1255	NA	NA	NA
1398	1280	303	2178	NA	NA
1399	403	1157	1984	NA	NA
1400	81	299	490	NA	NA
1401	1329	1265	2204	NA	NA
1402	1134	1187	544	NA	356
1403	1214	1276	NA	NA	NA
1404	1282	628	161	NA	180
1405	1183	91	348	231	NA
1406	81	299	921	NA	NA
1407	51	1255	NA	NA	NA
1408	81	299	312	NA	NA
1409	90	89	138	NA	NA
1410	1221	1166	108	NA	NA
1411	1169	1209	481	NA	365
1412	480	647	176	NA	570
1413	1325	1312	1871	NA	409
1414	1214	1276	298	NA	NA
1415	588	1222	172	327	NA
1416	533	598	417	56	2136
1417	400	395	440	NA	NA
1418	1191	597	502	178	232
1419	400	395	NA	NA	NA
1420	90	89	NA	NA	NA
1421	0	0	NA	NA	NA
1422	588	1222	NA	327	NA
1423	1100	497	1932	320	255
1424	1176	114	104	NA	NA
1425	1204	1224	269	NA	NA
1426	1190	548	233	NA	729
1427	1029	167	732	NA	NA
1428	1216	179	396	NA	NA
1429	1216	179	182	NA	NA
1430	74	274	2382	NA	NA
1431	1167	1289	716	NA	378
1432	482	1308	951	NA	NA
1433	819	1053	1288	38	NA
1434	1239	1230	1990	NA	NA
1435	298	1294	321	NA	359
1436	483	1225	595	NA	NA
1437	1148	421	210	NA	NA
1438	817	105	1975	44	NA
1439	483	1225	412	NA	NA
1440	1192	1218	191	NA	NA
1441	1319	1253	NA	NA	NA
1442	1328	123	NA	NA	NA
1443	127	126	NA	NA	NA
1444	1309	1150	NA	NA	NA
1445	0	0	NA	NA	NA
1446	169	424	2377	NA	NA
1447	1170	1158	151	NA	NA
1448	242	1193	NA	NA	1114
1449	1029	167	NA	NA	NA
1450	150	1184	NA	NA	369
1451	816	39	NA	1202	NA
1452	400	395	NA	NA	NA
1453	1154	1316	NA	248	NA
1454	588	1222	NA	327	NA
1455	139	122	NA	NA	NA
1456	241	1317	NA	NA	NA
1457	1168	495	NA	NA	2464
1458	473	21	1076	NA	NA
1459	0	0	NA	NA	NA
1460	1155	0	NA	680	NA
1461	0	1165	NA	NA	NA
1462	0	0	NA	NA	NA
1463	479	450	550	NA	NA
1464	84	1173	86	NA	NA
1465	118	277	539	NA	NA
1466	1134	1187	1087	NA	356
1467	1239	1230	326	NA	NA
1468	1299	1322	275	NA	NA
1469	473	21	218	NA	NA
1470	473	21	2396	NA	NA
1471	882	1326	NA	NA	NA
1472	1169	1209	NA	NA	365
1473	81	299	NA	NA	NA
1474	0	1277	731	NA	NA
1475	295	192	NA	NA	NA
1476	138	56	NA	NA	NA
1477	1171	1135	930	NA	NA
1478	1300	1323	2180	NA	NA
1479	1107	1212	251	NA	NA
1480	1202	1304	NA	224	NA
1481	1183	91	NA	231	NA
1482	241	1317	NA	NA	NA
1483	1306	687	NA	NA	2334
1484	1171	1135	NA	NA	NA
1485	1221	1166	117	NA	NA
1486	1321	1142	NA	NA	NA
1487	1182	1254	NA	NA	NA
1488	1171	1135	NA	NA	NA
1489	689	1094	NA	54	NA
1490	236	1256	NA	NA	1042
1491	1109	1130	NA	1103	NA
1492	1459	1456	NA	NA	NA
1493	1462	1457	NA	NA	NA
1494	404	1157	NA	NA	NA
1495	472	1165	567	NA	NA
1496	1306	687	403	NA	2334
1497	245	638	424	NA	2252
1498	471	262	1879	NA	NA
1499	1306	687	205	NA	2334
1500	406	1397	2375	NA	NA
1501	1196	167	372	215	NA
1502	1437	1460	NA	210	NA
1503	290	1184	419	NA	369
1504	404	1157	2470	NA	NA
1505	0	1393	433	NA	2004
1506	1172	1307	98	202	NA
1507	1400	1377	2043	490	1995
1508	1398	1486	627	2178	NA
1509	1168	495	486	NA	2464
1510	280	297	2341	NA	NA
1511	0	410	2051	NA	NA
1512	1266	20	2129	NA	NA
1513	1071	1301	2191	NA	NA
1514	1489	1399	NA	NA	1984
1515	1477	36	NA	930	NA
1516	1343	1344	530	NA	NA
1517	280	297	705	NA	NA
1518	295	0	NA	NA	NA
1519	0	0	NA	NA	NA
1520	1479	1122	NA	251	NA
1521	1286	916	NA	NA	725
1522	1450	540	1066	NA	582
1523	1310	125	NA	NA	NA
1524	1479	1122	NA	251	NA
1525	1172	1307	85	202	NA
1526	1398	1486	2297	2178	NA
1527	1302	124	NA	NA	NA
1528	1118	1391	NA	334	NA
1529	1195	1422	NA	254	NA
1530	1449	1273	NA	NA	NA
1531	1449	1273	NA	NA	NA
1532	530	135	NA	71	NA
1533	1266	20	1641	NA	NA
1534	1071	1301	NA	NA	NA
1535	259	302	2345	NA	NA
1536	154	1393	NA	NA	2004
1537	595	640	262	1	1954
1538	1489	1399	112	NA	1984
1539	1239	1230	2293	NA	NA
1540	1361	1481	1329	NA	NA
1541	239	225	NA	NA	NA
1542	1343	1344	NA	NA	NA
1543	434	1377	2053	NA	1995
1544	1423	493	1965	1932	554
1545	671	1179	928	849	1059
1546	1372	705	148	2439	2114
1547	438	1349	221	NA	NA
1548	400	1474	2103	NA	731
1549	1293	1515	217	NA	NA
1550	435	1413	1046	NA	1871
1551	1484	1385	250	NA	2211
1552	1424	452	733	104	NA
1553	1451	269	185	NA	NA
1554	432	687	1462	NA	2334
1555	1477	822	1517	930	1894
1556	1373	250	681	196	NA
1557	1477	822	585	930	1894
1558	1451	269	843	NA	NA
1559	1202	1399	1903	224	1984
1560	1532	61	2090	NA	NA
1561	1532	61	330	NA	NA
1562	455	1444	199	NA	NA
1563	1488	1123	659	NA	NA
1564	1196	167	366	215	NA
1565	257	1392	347	NA	2166
1566	0	61	664	NA	NA
1567	1172	526	1889	202	2059
1568	350	515	2305	NA	612
1569	1465	710	2117	539	886
1570	1499	464	1107	205	NA
1571	1530	1284	289	NA	NA
1572	699	1406	2124	549	921
1573	1482	700	526	NA	308
1574	1509	534	1969	486	1919
1575	671	1179	1876	849	1059
1576	426	337	362	NA	NA
1577	429	448	214	NA	NA
1578	1340	701	1065	NA	297
1579	1532	61	302	NA	NA
1580	455	1444	1478	NA	NA
1581	1475	97	192	NA	NA
1582	1155	1497	642	680	424
1583	476	706	1072	NA	1955
1584	1475	97	1471	NA	NA
1585	439	523	1880	NA	259
1586	1458	251	155	1076	NA
1587	0	304	556	NA	NA
1588	1484	1385	257	NA	2211
1589	1298	1368	685	NA	1070
1590	430	1483	410	NA	NA
1591	539	1356	590	1223	NA
1592	1361	1481	1047	NA	NA
1593	707	1504	600	693	2470
1594	426	337	533	NA	NA
1595	1231	1401	1324	NA	2204
1596	430	1483	211	NA	NA
1597	474	1416	361	NA	417
1598	1298	1368	1376	NA	1070
1599	863	1471	243	30	NA
1600	1168	495	2183	NA	2464
1601	1480	1165	436	NA	NA
1602	1270	1348	1883	261	NA
1603	454	121	2427	NA	NA
1604	431	278	1119	NA	NA
1605	1424	452	1057	104	NA
1606	1442	351	273	NA	NA
1607	1293	1515	227	NA	NA
1608	294	1491	414	NA	NA
1609	432	687	1474	NA	2334
1610	1463	1534	1487	550	NA
1611	1071	1443	234	NA	NA
1612	1477	822	1479	930	1894
1613	432	687	2061	NA	2334
1614	1484	1385	748	NA	2211
1615	352	1354	1086	NA	NA
1616	1484	1385	175	NA	2211
1617	1291	1193	1882	193	1114
1618	1290	304	416	2232	NA
1619	1335	1521	1944	NA	NA
1620	1455	1527	306	NA	NA
1621	1536	1541	283	NA	NA
1622	1387	915	1943	1081	675
1623	344	1501	1660	NA	372
1624	1449	598	394	NA	2136
1625	1343	1344	1885	NA	NA
1626	169	1523	1451	NA	NA
1627	477	1542	441	NA	NA
1628	1472	1498	1321	NA	1879
1629	1396	120	133	NA	NA
1630	162	1524	296	NA	NA
1631	1396	120	145	NA	NA
1632	249	119	448	NA	NA
1633	521	293	83	706	NA
1634	1269	1330	672	NA	NA
1635	859	254	2309	39	NA
1636	1415	860	1878	172	1676
1637	350	515	1422	NA	612
1638	1445	604	NA	NA	190
1639	245	1391	NA	NA	NA
1640	1357	336	NA	97	NA
1641	1357	336	NA	97	NA
1642	1488	1123	NA	NA	NA
1643	162	1524	NA	NA	NA
1644	1387	915	NA	1081	675
1645	1298	1368	NA	NA	1070
1646	1441	1295	NA	NA	NA
1647	257	1392	NA	NA	2166
1648	249	119	1888	NA	NA
1649	1531	324	1655	NA	NA
1650	1269	1330	758	NA	NA
1651	255	1219	1667	NA	NA
1652	255	1219	1911	NA	NA
1653	541	1389	NA	737	427
1654	639	1395	NA	29	NA
1655	639	1395	2199	29	NA
1656	0	0	NA	NA	NA
1657	1335	1521	NA	NA	NA
1658	169	1523	623	NA	NA
1659	1455	1527	1904	NA	NA
1660	1415	1425	1895	172	269
1661	1441	1295	457	NA	NA
1662	245	1391	111	NA	NA
1663	1417	325	1940	440	NA
1664	1132	1197	2457	NA	NA
1665	268	1347	119	NA	NA
1666	1335	1521	2064	NA	NA
1667	1488	1123	2179	NA	NA
1668	1441	1295	1948	NA	NA
1669	1530	1284	105	NA	NA
1670	1213	638	2165	NA	2252
1671	350	515	92	NA	612
1672	363	1164	401	NA	NA
1673	1268	1454	615	NA	NA
1674	363	1164	1973	NA	NA
1675	1488	1123	337	NA	NA
1676	295	698	2434	NA	902
1677	295	698	2069	NA	902
1678	477	1542	2056	NA	NA
1679	1531	324	2187	NA	NA
1680	1298	1368	517	NA	1070
1681	247	244	154	NA	NA
1682	162	1524	400	NA	NA
1683	477	1542	169	NA	NA
1684	1529	261	115	NA	NA
1685	249	119	266	NA	NA
1686	1366	338	889	130	NA
1687	436	1393	509	NA	2004
1688	1357	336	546	97	NA
1689	475	258	606	NA	NA
1690	863	1471	2025	30	NA
1691	1373	250	594	196	NA
1692	1339	1493	159	NA	NA
1693	453	662	1418	NA	2152
1694	1372	705	926	2439	2114
1695	1402	136	NA	544	NA
1696	364	1439	129	NA	412
1697	440	670	1906	NA	1275
1698	1540	1405	142	1329	348
1699	549	1059	697	820	NA
1700	442	674	949	NA	536
1701	1525	1414	134	85	298
1702	1202	1399	2087	224	1984
1703	1210	516	905	238	2068
1704	1423	493	307	1932	554
1705	1331	637	1872	NA	2188
1706	1183	910	107	231	216
1707	428	1407	120	NA	NA
1708	438	1349	NA	NA	NA
1709	1355	1520	NA	NA	NA
1710	343	1487	292	NA	NA
1711	1369	709	2098	912	1237
1712	405	101	580	NA	NA
1713	0	396	532	NA	NA
1714	439	523	NA	NA	259
1715	1482	700	1603	NA	308
1716	428	1407	265	NA	NA
1717	437	673	1531	NA	1582
1718	427	465	2078	NA	NA
1719	1514	702	1609	NA	896
1720	1514	702	1931	NA	896
1721	0	396	2097	NA	NA
1722	0	700	397	NA	308
1723	433	443	391	NA	NA
1724	1202	1399	2101	224	1984
1725	248	876	1429	NA	2034
1726	1196	167	628	215	NA
1727	1369	709	749	912	1237
1728	0	102	894	NA	NA
1729	0	102	690	NA	NA
1730	1499	464	209	205	NA
1731	1196	167	1197	215	NA
1732	1436	1352	899	595	NA
1733	1353	1351	1355	NA	NA
1734	148	199	NA	NA	NA
1735	427	465	NA	NA	NA
1736	1451	269	NA	NA	NA
1737	38	1294	NA	NA	359
1738	364	1439	NA	NA	412
1739	1420	1518	NA	NA	NA
1740	1447	397	NA	151	NA
1741	1320	159	NA	NA	NA
1742	1281	1452	NA	NA	NA
1743	1432	519	NA	951	291
1744	521	293	NA	706	NA
1745	1293	1515	NA	NA	NA
1746	295	698	NA	NA	902
1747	1449	598	NA	NA	2136
1748	431	278	NA	NA	NA
1749	1463	1534	NA	550	NA
1750	1463	1534	NA	550	NA
1751	690	1419	NA	60	NA
1752	1463	1534	NA	550	NA
1753	294	1491	NA	NA	NA
1754	1433	152	NA	1288	NA
1755	1469	1237	NA	218	NA
1756	1334	264	NA	597	NA
1757	1176	114	NA	NA	NA
1758	1463	1534	NA	550	NA
1759	163	1461	NA	NA	NA
1760	1440	153	NA	191	NA
1761	1440	153	NA	191	NA
1762	1398	102	NA	2178	NA
1763	1196	167	NA	215	NA
1764	1436	1352	NA	595	NA
1765	1514	702	NA	NA	896
1766	1494	675	NA	NA	1191
1767	1436	1352	NA	595	NA
1768	1213	638	NA	NA	2252
1769	151	1283	NA	NA	NA
1770	342	1421	NA	NA	NA
1771	1519	33	NA	NA	NA
1772	1610	858	940	1487	328
1773	165	30	1159	NA	NA
1774	1735	876	1653	NA	2034
1775	416	1750	1959	NA	NA
1776	291	256	1309	NA	NA
1777	767	307	1216	906	NA
1778	1746	765	719	NA	2153
1779	875	660	1171	2039	2141
1780	1546	1702	1189	148	2087
1781	373	337	1210	NA	NA
1782	1760	348	2226	NA	NA
1783	329	561	1110	NA	911
1784	1736	1761	1543	NA	NA
1785	782	1583	827	1139	1072
1786	1629	1555	945	133	1517
1787	1736	1761	2010	NA	NA
1788	311	856	91	NA	349
1789	768	1721	1194	898	2097
1790	503	244	1178	1136	NA
1791	1643	306	167	NA	NA
1792	1563	1609	131	659	1474
1793	1559	698	1135	1903	902
1794	310	1767	1148	NA	NA
1795	1661	1	1492	457	NA
1796	503	244	1172	1136	NA
1797	1384	1646	277	237	NA
1798	4	357	465	NA	NA
1799	517	1565	467	24	347
1800	1591	1566	1697	590	664
1801	539	29	1188	1223	NA
1802	512	2	1913	1149	NA
1803	4	357	1497	NA	NA
1804	72	1454	385	NA	NA
1805	162	1524	84	NA	NA
1806	1475	97	1358	NA	NA
1807	1547	1742	1926	221	NA
1808	1559	698	1145	1903	902
1809	330	775	1923	NA	1063
1810	309	1644	162	NA	NA
1811	376	1342	1195	NA	NA
1812	1768	1744	1144	NA	NA
1813	813	1647	152	1898	NA
1814	415	1751	1158	NA	NA
1815	0	1393	1162	NA	2004
1816	1517	604	480	705	190
1817	354	315	1133	NA	NA
1818	1546	1702	562	148	2087
1819	95	623	2000	NA	1317
1820	665	347	455	52	NA
1821	1749	1160	1157	NA	388
1822	1627	1439	2062	441	412
1823	1668	908	1689	1948	2019
1824	26	1642	126	NA	NA
1825	809	27	135	10	NA
1826	863	580	1635	30	2260
1827	524	93	382	75	NA
1828	1449	598	1181	NA	2136
1829	1732	246	1518	899	NA
1830	1627	1439	1192	441	412
1831	273	98	2013	NA	NA
1832	1671	857	1698	92	290
1833	1763	25	1873	NA	NA
1834	5	1769	518	NA	NA
1835	0	504	2157	NA	2132
1836	1763	25	1138	NA	NA
1837	1569	870	1577	2117	2044
1838	679	678	566	1972	1916
1839	110	638	512	NA	2252
1840	1770	1199	692	NA	NA
1841	639	1574	995	29	1969
1842	1345	1378	2134	NA	2379
1843	0	1393	1373	NA	2004
1844	0	1393	1341	NA	2004
1845	1345	1378	2057	NA	2379
1846	362	1439	1182	NA	412
1847	1754	1628	688	NA	1321
1848	1747	1695	2290	NA	NA
1849	1432	519	99	951	291
1850	1749	1160	974	NA	388
1851	639	1574	NA	29	1969
1852	94	1741	NA	NA	NA
1853	309	1644	NA	NA	NA
1854	1586	1708	NA	155	NA
1855	1162	525	553	198	2092
1856	1627	111	2170	441	NA
1857	26	1642	907	NA	NA
1858	512	2	2438	1149	NA
1859	441	446	2230	NA	NA
1860	1720	331	NA	1931	NA
1861	326	1608	NA	NA	414
1862	510	0	NA	1928	NA
1863	0	123	NA	NA	NA
1864	110	638	NA	NA	2252
1865	373	337	NA	NA	NA
1866	1492	1193	NA	NA	1114
1867	155	1656	NA	NA	NA
1868	1668	908	NA	1948	2019
1869	345	501	1200	NA	1153
1870	806	1503	2133	1884	419
1871	1739	1333	1708	NA	984
1872	1739	1333	1173	NA	984
1873	1334	264	1186	597	NA
1874	352	621	1456	NA	1586
1875	1759	252	682	NA	NA
1876	1208	1528	113	2192	NA
1877	1449	598	1196	NA	2136
1878	1654	1294	1214	NA	359
1879	1436	323	287	595	NA
1880	766	538	1204	453	1230
1881	887	701	1227	1258	297
1882	1752	1765	258	NA	NA
1883	579	1490	643	1160	NA
1884	1641	113	1137	NA	NA
1885	345	501	572	NA	1153
1886	1637	1332	650	1422	NA
1887	110	638	1129	NA	2252
1888	1371	1734	1875	228	NA
1889	110	638	106	NA	2252
1890	511	515	1674	1170	612
1891	1752	1765	522	NA	NA
1892	1641	113	487	NA	NA
1893	308	1725	460	NA	1429
1894	267	1745	1151	NA	NA
1895	1582	1599	641	642	243
1896	751	1413	139	74	1871
1897	0	853	884	NA	613
1898	671	1179	657	849	1059
1899	671	1179	651	849	1059
1900	326	1608	1918	NA	414
1901	1720	331	1146	1931	NA
1902	1641	113	310	NA	NA
1903	511	515	1142	1170	612
1904	1573	670	2118	526	1275
1905	500	1599	589	715	243
1906	0	525	415	NA	2092
1907	1387	915	700	1081	675
1908	413	1487	649	NA	NA
1909	270	1686	483	NA	889
1910	579	1490	870	1160	NA
1911	1473	335	1165	NA	NA
1912	1473	335	1190	NA	NA
1913	414	855	1078	NA	2205
1914	1473	335	1155	NA	NA
1915	109	585	2021	NA	2104
1916	503	244	1167	1136	NA
1917	24	1738	1091	NA	NA
1918	1350	260	2330	NA	NA
1919	751	1413	1552	74	1871
1920	496	590	422	1414	608
1921	1321	781	1168	NA	222
1922	1755	7	548	NA	NA
1923	0	525	163	NA	2092
1924	1594	305	632	533	NA
1925	1375	1179	2177	943	1059
1926	1668	908	293	1948	2019
1927	1517	604	1177	705	190
1928	773	1496	1201	2110	403
1929	1423	1256	1179	1932	1042
1930	863	860	2086	30	1676
1931	374	443	1571	NA	NA
1932	1770	1199	989	NA	NA
1933	6	1502	300	NA	NA
1934	110	638	1152	NA	2252
1935	265	1452	1217	NA	NA
1936	1763	25	270	NA	NA
1937	447	1757	1298	NA	NA
1938	360	1670	942	NA	2165
1939	1645	1603	1335	NA	2427
1940	602	906	1134	2190	2009
1941	1398	166	2083	2178	NA
1942	441	446	140	NA	NA
1943	94	1741	1099	NA	NA
1944	1629	1555	932	133	1517
1945	375	903	1141	NA	1897
1946	358	1653	158	NA	NA
1947	444	1448	127	NA	NA
1948	1697	848	1908	1906	645
1949	1387	915	136	1081	675
1950	1355	92	1109	NA	NA
1951	1387	915	1330	1081	675
1952	677	917	NA	621	1706
1953	1492	1193	1131	NA	1114
1954	1495	355	350	567	NA
1955	326	1608	916	NA	414
1956	773	1496	1211	2110	403
1957	874	328	341	1910	NA
1958	1343	1344	313	NA	NA
1959	1343	1344	2195	NA	NA
1960	1661	1655	1031	457	2199
1961	1661	1655	1631	457	2199
1962	581	1868	1657	11	NA
1963	579	676	547	1160	1243
1964	71	1773	442	NA	1159
1965	1436	502	805	595	1649
1966	0	69	364	NA	NA
1967	0	69	370	NA	NA
1968	579	676	456	1160	1243
1969	71	1773	132	NA	1159
1970	511	515	810	1170	612
1971	829	815	501	NA	1651
1972	805	814	1915	696	1644
1973	517	1565	1318	24	347
1974	511	515	355	1170	612
1975	1947	1579	1504	127	302
1976	350	1635	1079	NA	2309
1977	350	1635	2228	NA	2309
1978	600	612	1662	165	1981
1979	1668	915	1991	1948	675
1980	1668	915	2156	1948	675
1981	1789	516	1095	1194	2068
1982	1613	1498	1105	2061	1879
1983	820	879	1075	1564	1281
1984	1852	754	1082	NA	920
1985	1668	915	1639	1948	675
1986	1947	1579	1248	127	302
1987	1660	1636	1071	1895	1878
1988	1668	915	354	1948	675
1989	350	1635	2300	NA	2309
1990	829	815	1106	NA	1651
1991	1930	593	1257	2086	1176
1992	359	1872	708	NA	1173
1993	71	1773	1092	NA	1159
1994	1537	860	983	262	1676
1995	1680	726	2072	517	346
1996	1907	1608	345	700	414
1997	1907	1608	110	700	414
1998	263	1670	103	NA	2165
1999	1885	803	1083	572	1337
2000	863	663	88	30	263
2001	314	1864	1952	NA	NA
2002	1907	1608	1551	700	414
2003	1907	1608	1452	700	414
2004	1949	1859	338	136	2230
2005	342	507	156	NA	1199
2006	1785	1762	2292	827	NA
2007	1321	881	149	NA	1490
2008	71	1773	584	NA	1159
2009	1901	334	1488	1146	NA
2010	1661	1655	1229	457	2199
2011	1907	1608	1618	700	414
2012	807	663	166	541	263
2013	512	1625	1537	1149	1885
2014	669	1940	1213	2137	1134
2015	669	1940	2472	2137	1134
2016	656	823	125	57	2001
2017	1770	313	723	NA	NA
2018	562	525	1544	947	2092
2019	1458	1571	1672	1076	289
2020	342	507	1622	NA	1199
2021	517	1565	1563	24	347
2022	632	1743	1890	1927	NA
2023	804	1561	2296	3	330
2024	696	1566	1043	2127	664
2025	843	658	1508	2080	2492
2026	314	1864	1961	NA	NA
2027	377	857	1643	NA	290
2028	1901	334	143	1146	NA
2029	609	631	927	1261	1255
2030	804	1561	1483	3	330
2031	733	1833	1101	931	1873
2032	1432	538	389	951	1230
2033	774	1779	1123	938	1171
2034	1495	808	519	567	272
2035	1495	808	1080	567	272
2036	786	1597	523	872	361
2037	786	1597	1077	872	361
2038	738	880	395	656	1274
2039	738	880	1067	656	1274
2040	657	1793	94	2144	1135
2041	1689	1587	1761	606	556
2042	1594	1758	1556	533	NA
2043	282	622	510	NA	2014
2044	1689	1587	160	606	556
2045	1927	876	1053	1177	2034
2046	804	1561	578	3	330
2047	772	752	571	2425	2485
2048	1577	655	1455	214	2353
2049	756	1781	1401	1501	1210
2050	866	1879	2075	897	287
2051	1941	764	1624	2083	873
2052	866	0	524	897	NA
2053	1805	742	2015	84	1905
2054	353	1560	1354	NA	2090
2055	721	835	1589	141	878
2056	1208	693	367	2192	2007
2057	818	1453	1963	31	NA
2058	866	1879	500	897	287
2059	1806	758	505	1358	317
2060	1782	286	488	2226	NA
2061	756	1781	1415	1501	1210
2062	1500	1474	170	2375	731
2063	1581	785	181	192	2131
2064	1707	748	171	120	1958
2065	812	1708	1102	444	NA
2066	1398	1766	1993	2178	NA
2067	282	622	484	NA	2014
2068	379	542	1241	NA	1183
2069	601	627	992	1891	2469
2070	1865	534	1044	NA	1919
2071	1361	1748	1061	NA	NA
2072	503	505	2497	1136	1143
2073	503	505	2391	1136	1143
2074	1604	649	146	1119	1028
2075	1604	649	383	1119	1028
2076	379	542	1692	NA	1183
2077	0	1833	1683	NA	1873
2078	1789	516	1493	1194	2068
2079	601	627	374	1891	2469
2080	1852	754	1089	NA	920
2081	1509	534	1051	486	1919
2082	1865	534	1900	NA	1919
2083	820	879	1408	1564	1281
2084	1361	1748	1068	NA	NA
2085	503	505	475	1136	1143
2086	1664	833	1325	2457	2412
2087	756	1781	1382	1501	1210
2088	1664	833	677	2457	2412
2089	0	256	489	NA	NA
2090	300	1650	1367	NA	758
2091	1836	822	591	1138	1894
2092	1594	1758	1058	533	NA
2093	1689	1587	910	606	556
2094	1870	619	2024	2133	866
2095	503	505	2154	1136	1143
2096	503	505	671	1136	1143
2097	288	889	462	NA	1251
2098	503	505	1128	1136	1143
2099	630	854	665	2463	2116
2100	821	256	153	1646	NA
2101	0	256	1627	NA	NA
2102	0	256	1116	NA	NA
2103	300	1650	496	NA	758
2104	1592	852	1124	1047	1979
2105	1870	619	515	2133	866
2106	300	1650	655	NA	758
2107	1592	852	1055	1047	1979
2108	369	890	2224	NA	1225
2109	1592	852	1113	1047	1979
2110	165	361	1950	NA	NA
2111	283	603	2107	NA	1180
2112	802	755	1118	1924	941
2113	1754	1628	520	NA	1321
2114	1955	1512	1049	916	2129
2115	802	755	1125	1924	941
2116	802	755	1112	1924	941
2117	165	361	1048	NA	NA
2118	1910	878	1540	870	2458
2119	1955	1512	978	916	2129
2120	770	1774	2189	78	1653
2121	1910	878	1054	870	2458
2122	607	1812	1262	2455	1144
2123	1918	92	373	2330	NA
2124	352	621	1306	NA	1586
2125	1709	1638	1368	NA	NA
2126	1526	445	1444	2297	NA
2127	1853	740	1612	NA	721
2128	1851	514	560	NA	324
2129	1910	878	1591	870	2458
2130	1853	740	890	NA	721
2131	320	827	527	NA	1209
2132	1756	578	743	NA	1977
2133	418	585	1968	NA	2104
2134	1384	1622	2298	237	1943
2135	1851	514	1235	NA	324
2136	320	827	2121	NA	1209
2137	320	827	559	NA	1209
2138	1592	852	1064	1047	1979
2139	1495	808	511	567	272
2140	1950	891	2020	1109	2095
2141	1756	578	981	NA	1977
2142	874	328	447	1910	NA
2143	1819	1733	531	2000	1355
2144	784	606	1560	970	1246
2145	1495	808	2168	567	272
2146	1495	808	552	567	272
2147	607	1812	2493	2455	1144
2148	370	518	622	NA	1332
2149	0	1342	1945	NA	NA
2150	107	1777	386	NA	1216
2151	1874	115	507	1456	NA
2152	0	1342	1937	NA	NA
2153	784	606	904	970	1246
2154	1829	1737	1547	1518	NA
2155	818	1453	379	31	NA
2156	1398	1766	102	2178	NA
2157	1855	659	316	553	264
2158	316	1771	325	NA	NA
2159	0	1342	1310	NA	NA
2160	1595	919	1964	1324	1259
2161	372	1753	2164	NA	NA
2162	1853	740	1377	NA	721
2163	368	1850	1424	NA	974
2164	96	117	1369	NA	NA
2165	783	1957	1688	770	341
2166	1924	739	537	632	332
2167	371	23	2194	NA	NA
2168	265	1452	637	NA	NA
2169	346	1903	329	NA	1142
2170	1855	659	2355	553	264
2171	1640	1795	1406	NA	1492
2172	1610	1576	504	1487	362
2173	859	535	497	39	1413
2174	776	883	1496	880	2459
2175	886	317	2304	468	NA
2176	634	513	1966	18	1156
2177	1855	659	1454	553	264
2178	886	317	2307	468	NA
2179	782	1583	586	1139	1072
2180	506	1843	676	1466	1373
2181	886	317	2160	468	NA
2182	859	535	1022	39	1413
2183	1697	771	603	1906	867
2184	782	1583	1575	1139	1072
2185	782	1583	93	1139	1072
2186	1697	771	1597	1906	867
2187	1610	1576	335	1487	362
2188	634	513	2167	18	1156
2189	1709	1638	1912	NA	NA
2190	836	1583	2301	NA	1072
2191	634	513	1602	18	1156
2192	668	1867	1016	503	NA
2193	1511	1817	2159	2051	1133
2194	778	1926	663	551	293
2195	782	1583	418	1139	1072
2196	1640	1795	2176	NA	1492
2197	769	870	1668	877	2044
2198	1334	1922	116	597	548
2199	378	638	2181	NA	2252
2200	1511	1817	150	2051	1133
2201	1382	710	900	101	886
2202	703	319	684	63	NA
2203	703	319	2146	63	NA
2204	778	1926	654	551	293
2205	1432	538	476	951	1230
2206	1892	1843	1594	487	1373
2207	1511	1817	2126	2051	1133
2208	378	638	449	NA	2252
2209	1494	1406	360	NA	921
2210	1398	1766	2215	2178	NA
2211	863	580	96	30	2260
2212	777	680	596	1625	2082
2213	1720	331	425	1931	NA
2214	1381	1719	434	95	1609
2215	1904	900	1203	2118	1570
2216	1941	764	1185	2083	873
2217	549	755	1749	820	941
2218	366	720	323	NA	1469
2219	1313	1878	2261	1115	1214
2220	1904	900	1024	2118	1570
2221	776	883	128	880	2459
2222	1925	1860	1613	2177	NA
2223	1893	28	1316	460	NA
2224	1382	710	121	101	886
2225	366	720	1998	NA	1469
2226	1925	1860	1695	2177	NA
2227	1526	445	499	2297	NA
2228	1602	730	1300	1883	599
2229	1548	1503	NA	2103	419
2230	708	489	1917	1256	1247
2231	367	527	333	NA	1252
2232	1837	532	521	1577	1222
2233	0	667	1514	NA	253
2234	1866	318	1524	NA	NA
2235	708	489	1391	1256	1247
2236	779	285	319	13	NA
2237	661	1476	1150	607	NA
2238	1492	1676	516	NA	2434
2239	549	877	1495	820	1264
2240	1479	501	1394	251	1153
2241	1941	764	1175	2083	873
2242	885	633	2173	1282	1272
2243	1526	445	2106	2297	NA
2244	901	1921	736	1925	1168
2245	901	1921	2369	1925	1168
2246	1856	841	636	2170	285
2247	1604	649	87	1119	1028
2248	1632	613	2175	448	2182
2249	365	1939	2186	NA	1335
2250	813	1814	429	1898	1158
2251	793	613	451	2429	2182
2252	1799	536	109	467	954
2253	1631	1818	2054	145	562
2254	789	788	2163	477	271
2255	265	1452	993	NA	NA
2256	813	1814	1037	1898	1158
2257	1787	618	542	2010	2349
2258	1792	1858	958	131	2438
2259	743	681	122	587	1513
2260	1639	1740	1169	NA	NA
2261	549	877	2045	820	1264
2262	918	1554	1207	2416	1462
2263	918	1554	1198	2416	1462
2264	1208	284	629	2192	NA
2265	0	681	1951	NA	1513
2266	778	1926	439	551	293
2267	549	877	506	820	1264
2268	0	917	1212	NA	1706
2269	1778	763	445	719	344
2270	1631	1818	2200	145	562
2271	1788	53	NA	91	NA
2272	1862	611	NA	NA	1351
2273	161	737	NA	NA	2420
2274	371	23	NA	NA	NA
2275	133	1917	NA	NA	1091
2276	1547	1890	667	221	1674
2277	1547	1890	438	221	1674
2278	520	704	NA	67	2184
2279	632	1743	NA	1927	NA
2280	1668	915	NA	1948	675
2281	108	1483	2217	NA	NA
2282	1639	1740	534	NA	NA
2283	1813	287	919	152	NA
2284	1799	536	118	467	954
2285	666	1725	909	50	1429
2286	0	1356	100	NA	NA
2287	1799	536	773	467	954
2288	616	1976	2450	NA	1079
2289	537	332	1420	NA	NA
2290	844	2031	1381	1187	1101
2291	2271	847	1976	NA	340
2292	339	2092	1576	NA	1058
2293	1886	652	888	650	204
2294	2271	847	1442	NA	340
2295	1971	2075	1412	501	383
2296	770	1774	466	78	1653
2297	907	1743	1419	1652	NA
2298	759	1841	450	2169	995
2299	671	2222	478	849	1613
2300	2279	2206	1032	NA	1594
2301	759	1841	459	2169	995
2302	907	1743	1557	1652	NA
2303	609	2255	1585	1261	993
2304	0	730	1117	NA	599
2305	1602	730	1592	1883	599
2306	692	1333	1435	875	984
2307	787	1854	470	464	NA
2308	2036	683	1425	523	2255
2309	2033	736	1094	1123	1941
2310	850	849	1960	1481	918
2311	388	18	1396	NA	NA
2312	388	18	2478	NA	NA
2313	2281	2080	997	2217	1089
2314	1494	0	1568	NA	NA
2315	769	1860	1534	877	NA
2316	769	1860	458	877	NA
2317	1494	1406	471	NA	921
2318	2281	2080	1555	2217	1089
2319	554	1719	891	1765	1609
2320	1941	2243	1269	2083	2106
2321	1941	2243	485	2083	2106
2322	554	1719	443	1765	1609
2323	769	1860	452	877	NA
2324	715	1999	463	2471	1083
2325	777	680	767	1625	2082
2326	1938	487	1265	942	2037
2327	912	1951	1088	1353	1330
2328	1633	2159	1313	83	1310
2329	728	1524	1050	1881	NA
2330	838	2114	1398	2245	1049
2331	743	681	1860	587	1513
2332	2284	522	2477	118	249
2333	912	1951	1385	1353	1330
2334	1673	1980	577	615	2156
2335	2284	522	NA	118	249
2336	2046	1861	1390	578	NA
2337	1998	1887	2158	103	1129
2338	2046	1861	508	578	NA
2339	2286	2274	1299	100	NA
2340	2033	736	1755	1123	1941
2341	703	2160	2483	63	1964
2342	506	1843	1630	1466	1373
2343	1458	642	2241	1076	213
2344	1819	1733	1949	2000	1355
2345	770	1774	514	78	1653
2346	0	737	1431	NA	2420
2347	1594	1758	NA	533	NA
2348	1981	2107	1636	1095	1055
2349	2000	1863	NA	88	NA
2350	865	2176	NA	620	1966
2351	1540	917	1073	1329	1706
2352	1594	1758	NA	533	NA
2353	2083	2094	923	1408	2024
2354	2105	2157	913	515	316
2355	2052	2287	868	524	773
2356	2014	2278	1978	1213	NA
2357	281	737	728	NA	2420
2358	838	2114	1982	2245	1049
2359	0	2274	1357	NA	NA
2360	1934	911	1746	1152	2011
2361	418	585	2148	NA	2104
2362	1594	1758	1472	533	NA
2363	537	332	1548	NA	NA
2364	869	2108	555	51	2224
2365	2228	1996	988	1300	345
2366	0	2258	871	NA	958
2367	1825	1568	1291	135	2305
2368	912	1951	1476	1353	1330
2369	281	737	917	NA	2420
2370	2251	2149	2143	451	1945
2371	389	691	1682	NA	2343
2372	508	1935	874	1205	1217
2373	70	682	1533	NA	1623
2374	70	682	895	NA	1623
2375	897	760	NA	NA	353
2376	1870	617	492	2133	1486
2377	812	1708	2079	444	NA
2378	2161	605	1730	2164	1527
2379	0	1987	1427	NA	1071
2380	813	1814	751	1898	1158
2381	0	917	1085	NA	1706
2382	1673	1980	2484	615	2156
2383	866	638	1009	897	2252
2384	1633	2159	1957	83	1310
2385	729	1987	1027	1538	1071
2386	0	2258	1378	NA	958
2387	508	1935	1122	1205	1217
2388	418	585	1588	NA	2104
2389	869	2108	1606	51	2224
2390	340	732	882	NA	305
2391	1623	2219	1569	1660	2261
2392	1934	911	1411	1152	2011
2393	499	276	1441	662	NA
2394	2005	63	2465	156	NA
2395	2030	411	1348	1483	NA
2396	2185	2262	1573	93	1207
2397	834	2275	1566	195	NA
2398	1918	92	NA	2330	NA
2399	2003	815	1018	1452	1651
2400	866	638	1535	897	2252
2401	777	727	493	1625	352
2402	1918	92	1311	2330	NA
2403	333	889	1260	NA	1251
2404	1825	1568	2302	135	2305
2405	2164	622	1104	1369	2014
2406	321	1790	1611	NA	1178
2407	2033	736	1120	1123	1941
2408	664	828	955	683	351
2409	650	1991	1558	1224	1257
2410	64	2158	1245	NA	325
2411	664	828	2070	683	351
2412	1918	92	NA	2330	NA
2413	825	631	2474	1447	1255
2414	829	488	1971	NA	2155
2415	0	902	1108	NA	2466
2416	2009	2107	1559	1488	1055
2417	851	2217	1339	1541	1749
2418	391	1985	1003	NA	1639
2419	1930	2072	1416	2086	2497
2420	2273	862	2017	NA	611
2421	112	824	969	NA	2012
2422	757	312	1041	734	NA
2423	757	312	1439	734	NA
2424	1918	92	1338	2330	NA
2425	825	631	2481	1447	1255
2426	744	1764	479	746	NA
2427	391	1985	1721	NA	1639
2428	762	761	1098	1423	1410
2429	744	1764	446	746	NA
2430	1930	2072	1266	2086	2497
2431	529	636	1405	47	278
2432	2117	891	605	1048	2095
2433	1697	720	1221	1906	1469
2434	1829	2140	2299	1518	2020
2435	839	842	1295	1336	1290
2436	508	1831	1010	1205	2013
2437	1513	2176	2291	2191	1966
2438	1847	888	1315	688	575
2439	1595	872	1356	1324	1304
2440	390	1453	2063	NA	NA
2441	1697	720	1956	1906	1469
2442	839	842	2295	1336	1290
2443	0	845	1327	NA	1372
2444	2270	753	1371	2200	634
2445	1829	2140	1437	1518	2020
2446	1697	720	1658	1906	1469
2447	2028	498	1208	143	1516
2448	2064	2152	944	171	1937
2449	321	1790	1302	NA	1178
2450	554	1719	689	1765	1609
2451	2100	1725	1539	153	1429
2452	1513	2176	1675	2191	1966
2453	0	1850	NA	NA	974
2454	2100	1725	1384	153	1429
2455	1776	672	1308	1309	2016
2456	2012	2246	2323	166	636
2457	1973	1831	1970	1318	2013
2458	2117	891	1922	1048	2095
2459	1973	1831	1999	1318	2013
2460	1604	649	2294	1119	1028
2461	1994	2280	2319	983	NA
2462	609	2255	1430	1261	993
2463	1776	672	1014	1309	2016
2464	2012	2246	1323	166	636
2465	869	2108	1045	51	2224
2466	2124	2119	883	1306	978
2467	1847	2223	1000	688	1316
2468	0	746	774	NA	1305
2469	2135	2234	1039	1235	1524
2470	747	2119	2028	1346	978
2471	632	2098	2212	1927	1128
2472	2110	2383	NA	1950	1009
2473	2045	2289	461	1053	1420
2474	1826	1831	2244	1635	2013
2475	797	2022	2223	339	1890
2476	826	502	840	1663	1649
2477	227	2362	NA	NA	1472
2478	2394	830	NA	2465	1505
2479	907	790	776	1652	2288
2480	749	1674	1001	2279	1973
2481	2165	2057	798	1688	1963
2482	2440	1790	1036	2063	1178
2483	1874	2133	1854	1456	1968
2484	572	1939	473	1344	1335
2485	382	900	1986	NA	1570
2486	1973	1568	NA	1318	2305
2487	341	17	NA	NA	NA
2488	1960	1333	NA	1031	984
2489	609	2255	NA	1261	993
2490	2030	2419	NA	1483	1416
2491	0	1939	545	NA	1335
2492	164	746	NA	NA	1305
2493	0	2423	2303	NA	1439
2494	1715	794	858	1603	2280
2495	884	624	822	1477	1038
2496	762	761	753	1423	1410
2497	1873	796	818	1186	1530
2498	103	831	790	NA	2467
2499	1829	2140	1847	1518	2020
2500	2359	2254	2242	1357	2163
2501	1715	794	1017	1603	2280
2502	387	2310	1008	NA	1960
2503	2240	2294	982	1394	1442
2504	2061	2026	2196	1415	1961
2505	392	2243	1859	NA	2106
2506	2359	2254	707	1357	2163
2507	386	577	1004	NA	2253
2508	867	2313	1740	1403	997
2509	884	624	831	1477	1038
2510	646	2072	1714	2487	2497
2511	2276	2092	2306	667	1058
2512	898	750	814	1312	2275
2513	1840	1976	841	692	1079
2514	747	899	1967	1346	1363
2515	2109	2197	1877	1113	1668
2516	894	2380	811	2285	751
2517	0	864	856	NA	2065
2518	2174	846	1836	1496	1445
2519	79	312	1218	NA	NA
2520	1592	755	803	1047	941
2521	2030	2419	1776	1483	1416
2522	2386	349	1862	1378	NA
2523	383	2031	772	NA	1101
2524	380	741	2002	NA	1448
2525	0	491	1702	NA	1383
2526	2147	518	2243	2493	1332
2527	715	1999	1734	2471	1083
2528	356	2162	1013	NA	1377
2529	686	681	1718	1294	1513
2530	729	1987	2240	1538	1071
2531	2460	2444	1887	2294	1371
2532	723	576	735	2488	2479
2533	2109	2197	1021	1113	1668
2534	131	582	2246	NA	2249
2535	0	445	804	NA	NA
2536	0	2336	860	NA	1390
2537	2395	1894	1026	1348	1151
2538	2174	711	813	1496	1242
2539	2125	2223	2221	1368	1316
2540	2386	349	2208	1378	NA
2541	2110	2383	1899	1950	1009
2542	2110	2383	NA	1950	1009
2543	2442	792	1725	2295	1365
2544	645	491	1174	1389	1383
2545	861	1841	837	1297	995
2546	2460	2444	2362	2294	1371
2547	671	625	2238	849	1238
2548	725	322	2207	644	NA
2549	2404	801	726	2302	1364
2550	721	571	771	141	2042
2551	839	842	714	1336	1290
2552	550	745	2216	2225	1322
2553	583	573	996	1374	1292
2554	394	2328	494	NA	1313
2555	341	17	987	NA	NA
2556	499	580	964	662	2260
2557	2443	2438	959	1327	1315
2558	2045	2289	469	1053	1420
2559	2124	2119	1164	1306	978
2560	1847	888	1595	688	575
2561	339	2159	796	NA	1310
2562	394	2328	482	NA	1313
2563	810	800	730	1345	617
2564	0	2424	703	NA	1338
2565	509	2418	1005	2468	1003
2566	1819	1733	768	2000	1355
2567	131	582	973	NA	2249
2568	2404	801	1154	2302	1364
2569	2145	871	1711	2168	2270
2570	509	2418	847	2468	1003
2571	1819	1733	1521	2000	1355
2572	907	790	2227	1652	2288
2573	393	688	760	NA	1434
2574	381	697	673	NA	1350
2575	1819	1733	960	2000	1355
2576	547	2538	1865	2193	813
2577	506	591	2453	1466	967
2578	506	591	1529	1466	967
2579	0	1841	1793	NA	995
2580	563	717	1838	759	1426
2581	1558	694	1769	843	853
2582	563	717	2449	759	1426
2583	560	1841	1797	691	995
2584	384	800	2325	NA	617
2585	912	2507	2320	1353	1004
2586	2395	567	783	1348	2201
2587	2395	567	1814	1348	2201
2588	715	811	1808	2471	961
2589	470	1980	1767	NA	2156
2590	1776	608	1707	1309	1620
2591	2371	1635	1783	1682	2309
2592	564	2490	1828	639	NA
2593	2465	557	2329	1045	1029
2594	384	800	2322	NA	617
2595	2421	724	1742	969	1693
2596	712	545	1850	2448	832
2597	2497	2510	1467	818	1714
2598	2414	2425	1498	1971	2481
2599	892	2519	1835	785	1218
2600	1932	648	1760	989	784
2601	564	2490	765	639	NA
2602	644	641	802	2262	722
2603	909	648	2316	NA	784
2604	832	695	2333	1465	1395
2605	832	695	1515	1465	1395
2606	2502	2485	862	1008	1986
2607	1994	2001	1792	983	1952
2608	1623	2347	1736	1660	NA
2609	644	641	799	2262	722
2610	0	544	1817	NA	809
2611	506	591	1774	1466	967
2612	2460	2197	2394	2294	1668
2613	614	713	1842	1567	777
2614	2488	2255	1464	NA	993
2615	106	722	2452	NA	854
2616	896	1676	1799	2147	2434
2617	2534	566	1809	2246	727
2618	2488	2255	1772	NA	993
2619	1623	2347	1480	1660	NA
2620	896	1676	695	2147	2434
2621	1960	2537	1446	1031	1026
2622	2486	913	1470	NA	1011
2623	1623	2347	1491	1660	NA
2624	2272	543	1459	NA	797
2625	799	486	1997	2496	998
2626	551	2265	2130	2446	1951
2627	2014	615	1994	1213	1342
2628	2488	2255	1590	NA	993
2629	1994	2001	1763	983	1952
2630	2400	2035	1475	1535	1080
2631	2477	2509	778	NA	831
2632	1932	648	1503	989	784
2633	321	2140	2318	NA	2020
2634	1671	275	1716	92	NA
2635	551	2265	711	2446	1951
2636	0	1708	NA	NA	NA
2637	626	1988	NA	NA	354
2638	610	1899	NA	833	651
2639	467	558	1784	NA	971
2640	425	684	1494	NA	1669
2641	560	2557	1457	691	959
2642	685	2511	1863	1366	2306
2643	2528	2162	1463	1013	1377
2644	799	486	2006	2496	998
2645	2349	881	2077	NA	1490
2646	895	2508	816	2281	1740
2647	2349	881	2380	NA	1490
2648	2469	716	2312	1039	1244
2649	2349	881	2055	NA	1490
2650	735	2444	845	2150	1371
2651	2479	492	1485	776	219
2652	2479	492	1699	776	219
2653	2014	615	750	1213	1342
2654	1776	492	817	1309	219
2655	2548	570	2451	2207	2213
2656	735	2197	2390	2150	1668
2657	735	555	763	2150	1980
2658	2014	615	756	1213	1342
2659	868	2439	1989	2066	1356
2660	2350	556	1840	NA	953
2661	2109	2197	2378	1113	1668
2662	0	2526	1851	NA	2243
2663	791	718	1812	2282	2273
2664	762	555	704	1423	1980
2665	756	731	1868	1501	815
2666	0	719	1512	NA	977
2667	599	2380	1839	1147	751
2668	744	1764	1864	746	NA
2669	509	494	1757	2468	724
2670	904	653	1528	754	1670
2671	0	893	1805	NA	1349
2672	2460	2533	538	2294	1021
2673	2489	569	1484	NA	834
2674	565	2525	2314	626	1702
2675	798	795	830	1285	1060
2676	2489	569	1739	NA	834
2677	2412	2564	2085	NA	703
2678	321	2140	2447	NA	2020
2679	560	1841	1801	691	995
2680	2497	2510	1837	818	1714
2681	327	734	1806	NA	1819
2682	1776	608	1506	1309	1620
2683	599	2380	2444	1147	751
2684	2240	584	1766	1394	2060
2685	574	589	1717	1407	821
2686	873	694	789	1380	853
2687	651	654	1751	1006	807
2688	895	2508	1831	2281	1740
2689	2052	2413	NA	524	2474
2690	2482	553	742	1036	2247
2691	327	734	1821	NA	1819
2692	546	544	1992	NA	809
2693	466	2396	1826	NA	1573
2694	840	1899	2229	819	651
2695	2482	553	1777	1036	2247
2696	839	842	812	1336	1290
2697	508	2035	NA	1205	1080
2698	2497	2510	1525	818	1714
2699	2498	2472	1723	790	NA
2700	762	555	2387	1423	1980
2701	559	568	1453	633	1034
2702	837	2478	1983	2239	NA
2703	385	899	1507	NA	1363
2704	2492	2487	2376	NA	NA
2705	873	694	1473	1380	853
2706	490	2122	2327	1276	1262
2707	2240	584	1741	1394	2060
2708	552	229	1450	994	NA
2709	490	2122	2331	1276	1262